25 0.498222840364704 0.6265646731571628 0.996445680729408 0.04589707927677338
3 0.7009735744089011 0.1766342141863699 0.08159480760315249 0.044506258692628566
8 0.8851800339978365 0.03337969401947149 0.1928604543347241 0.0611961057023644
17 0.258383557409983 0.7023643949930459 0.4623705764178643 0.09179415855354663
17 0.738062123319425 0.7037552155771906 0.4623705764178643 0.09457579972183597
17 0.26332869726471947 0.8136300417246176 0.4623705764178643 0.0945757997218358
17 0.738062123319425 0.8129346314325452 0.45248029670839124 0.09596662030598054
17 0.258383557409983 0.9075104311543811 0.4623705764178643 0.07093184979137689
17 0.7392984082831091 0.9082058414464536 0.45495286663575946 0.06397774687065365
18 0.36841291917787045 0.7051460361613351 0.22253129346314326 0.07510431154381081
18 0.8480914850873126 0.707232267037552 0.21758615360840663 0.07093184979137689
18 0.3721217740689229 0.8164116828929068 0.21511358368103844 0.07788595271210014
18 0.845618915159944 0.8184979137691228 0.2076958738989337 0.07649513212795558
18 0.36841291917787045 0.9158553546592489 0.20769587389893368 0.057023643949930536
18 0.8480914850873126 0.9172461752433935 0.2027507340441973 0.0570236439499304
19 0.11373821665893986 0.7058414464534075 0.15824447535156852 0.037552155771905404
19 0.5810539329315406 0.7044506258692629 0.133518776077886 0.054242002781641076
19 0.1359913460052542 0.8157162726008345 0.2027507340441972 0.037552155771905404
19 0.6057796322052232 0.8171070931849792 0.18297017462525111 0.05424200278164122
19 0.11621078658630815 0.9235048678720444 0.15824447535156852 0.04450625869262865
19 0.6082522021325915 0.9228094575799721 0.18791531447998772 0.031988873435326755
23 0.36594034925050223 0.691933240611961 0.15824447535156858 0.034770514603616076
23 0.8456189151599441 0.694019471488178 0.1978055941894607 0.03059805285118216
23 0.36223149435944985 0.8018080667593881 0.1804976046978828 0.03477051460361636
23 0.8456189151599444 0.8031988873435327 0.143409055787359 0.029207232267037427
23 0.36346777932313395 0.911682892906815 0.11868335651367644 0.026425591098748383
23 0.8468552001236285 0.9102920723226704 0.15577190542420027 0.031988873435326755
21 0.3647040642868181 0.7287899860917942 0.15082676556946376 0.022253129346314324
21 0.8480914850873126 0.7322670375521558 0.14835419564209545 0.023643949930458916
21 0.8505640550146808 0.8414464534075105 0.143409055787359 0.022253129346314324
20 0.36841291917787045 0.8150208623087621 0.21758615360840672 0.08066759388038947
20 0.3609952093957656 0.9172461752433935 0.21264101375367017 0.05980528511821987
20 0.8456189151599444 0.9165507649513214 0.20769587389893374 0.05285118219749649
