5 0.28063668675629727 0.7322670375521558 0.4129191778704991 0.07093184979137704
4 0.7219904187915313 0.7350486787204451 0.42528202750734034 0.07927677329624473
8 0.8888888888888888 0.03685674547983311 0.19533302426209231 0.05424200278164117
7 0.9333951475815175 0.029902642559109873 0.11126564673157148 0.054242002781641166
17 0.25961984237366703 0.8268428372739917 0.47967856590944197 0.08205841446453405
17 0.7405346932467932 0.8268428372739914 0.4673157162726008 0.07371349095966621
17 0.258383557409983 0.9102920723226704 0.4772059959820738 0.0764951321279554
17 0.7380621233194249 0.9102920723226702 0.4673157162726006 0.07093184979137689
18 0.37212177406892283 0.8191933240611959 0.21511358368103842 0.06675938803894287
18 0.8431463452325761 0.8178025034770513 0.20769587389893374 0.06675938803894312
18 0.37088548910523866 0.9130737134909598 0.21264101375367017 0.06815020862308771
18 0.8518003399783649 0.9151599443671766 0.21511358368103856 0.05841446453407513
19 0.13970020089630655 0.8178025034770513 0.22005872353577494 0.05563282336578581
19 0.5958893524957506 0.8184979137691232 0.1532993354968322 0.05980528511821879
19 0.14217277082367485 0.9207232267037552 0.220058723535775 0.04728789986091798
19 0.5995982073868026 0.9186369958275381 0.18544274455261942 0.06258692628650905
23 0.3696492041415548 0.8004172461752432 0.1458816257147274 0.023643949930458673
23 0.8406737753052078 0.8045897079276773 0.1038479369494668 0.0264255910987481
23 0.36717663421418645 0.9089012517385258 0.1706073249884098 0.02920723226703754
23 0.8443826301962603 0.9102920723226704 0.1656621851336733 0.031988873435326755
20 0.36964920414155455 0.8212795549374131 0.2250038633905115 0.06536856745479838
20 0.8394374903415236 0.8226703755215578 0.20522330397156538 0.06536856745479838
20 0.36470406428681806 0.9109874826147427 0.21511358368103844 0.06675938803894298
20 0.8480914850873126 0.9165507649513214 0.2126410137536702 0.05285118219749649
27 0.9759697110183896 0.6244784422809458 0.04806057796322065 0.0500695410292073
27 0.02719826920105084 0.6244784422809458 0.03956111883789213 0.05841446453407514
6 0.027198269201050836 0.4631432545201669 0.03461597898315561 0.07788595271210014
