8 0.8925977437799412 0.03268428372739917 0.19780559418946056 0.057023643949930466
7 0.9333951475815175 0.029902642559109873 0.09643022716736212 0.054242002781641166
6 0.13228249111420182 0.4575799721835883 0.23489414309998452 0.07232267037552148
25 0.5012362849636841 0.6237830319888734 0.9975274300726318 0.048678720445062565
17 0.26085612733735125 0.704450625869263 0.4623705764178643 0.09874826147426986
17 0.7368258383557409 0.7037552155771906 0.459898006490496 0.09179415855354649
17 0.26209241230103536 0.8143254520166898 0.4648431463452325 0.09318497913769105
17 0.7442435481378457 0.8122392211404729 0.4648431463452325 0.09735744089012513
17 0.26209241230103536 0.9082058414464536 0.4796785659094421 0.0695410292072323
17 0.7392984082831091 0.9123783031988875 0.45495286663575946 0.0695410292072323
18 0.36964920414155455 0.7086230876216968 0.22005872353577505 0.0764951321279554
18 0.8480914850873126 0.7072322670375522 0.20769587389893374 0.0764951321279554
18 0.36841291917787045 0.8157162726008345 0.21758615360840672 0.07093184979137704
18 0.8443826301962603 0.8164116828929068 0.21016844382630195 0.07510431154381095
18 0.36717663421418634 0.9151599443671767 0.2151135836810385 0.05006954102920716
18 0.8419100602688918 0.9165507649513214 0.20522330397156538 0.06397774687065365
19 0.10137536702209857 0.7023643949930459 0.12857363622314943 0.03894297635605
19 0.5822902178952247 0.7037552155771906 0.13104620615051765 0.05841446453407514
19 0.13599134600525417 0.819193324061196 0.1829701746252511 0.041724617524339466
19 0.6045433472415391 0.8150208623087621 0.1804976046978829 0.05841446453407514
19 0.11250193169525574 0.9221140472878999 0.15577190542420025 0.05285118219749649
19 0.603307062277855 0.9235048678720444 0.17802503477051468 0.04450625869262865
23 0.37830319888734354 0.6926286509040334 0.10384793694946687 0.027816411682892977
23 0.8431463452325761 0.6933240611961057 0.17802503477051446 0.037552155771905404
23 0.3659403492505022 0.8011126564673157 0.16318961520630507 0.03059805285118216
23 0.8394374903415236 0.799721835883171 0.11621078658630807 0.030598052851182302
23 0.3560500695410292 0.9061196105702365 0.12362849636841293 0.04033379694019473
23 0.8456189151599444 0.9109874826147427 0.14835419564209545 0.03337969401947149
21 0.37212177406892266 0.7287899860917936 0.1112656467315714 0.03059805285118205
21 0.8456189151599444 0.7273991655076495 0.0741770978210475 0.03059805285118216
21 0.36223149435944985 0.8372739916550764 0.09148508731262556 0.025034770514603507
21 0.8332560655231029 0.8372739916550764 0.1087930768042034 0.03337969401947149
