10 0.885180033997835 0.034770514603616076 0.2027507340441967 0.05563282336578572
9 0.8369649204141554 0.14255910987482615 0.10632050687683517 0.05146036161335189
5 0.27940040179261316 0.7343532684283727 0.4252820275073404 0.08066759388038947
4 0.7133364240457425 0.7350486787204451 0.4079740380157626 0.07093184979137689
17 0.258383557409983 0.8052851182197496 0.4623705764178643 0.04450625869262865
17 0.7417709782104773 0.808066759388039 0.4648431463452325 0.03894297635605
17 0.2559109874826147 0.8845618915159943 0.4574254365631277 0.09735744089012527
17 0.7355895533920568 0.8838664812239222 0.4574254365631278 0.09596662030598069
18 0.37212177406892283 0.8004172461752432 0.22500386339051148 0.034770514603616076
18 0.8456189151599444 0.8004172461752436 0.2126410137536702 0.026425591098748244
18 0.37088548910523866 0.8866481223922114 0.21758615360840672 0.07649513212795554
18 0.8468552001236285 0.8873435326842838 0.2200587235357749 0.07232267037552162
19 0.5983619224231185 0.8038942976356048 0.163189615206305 0.027816411682892835
19 0.13970020089630658 0.8894297635605006 0.21511358368103844 0.05146036161335189
19 0.6070159171689073 0.888038942976356 0.19038788440735593 0.04589707927677338
23 0.8394374903415236 0.8734353268428373 0.15577190542420027 0.027816411682892835
23 0.36346777932313395 0.8699582753824757 0.16318961520630507 0.0264255910987481
21 0.36346777932313395 0.803894297635605 0.09890279709473035 0.025034770514603507
21 0.834492350486787 0.8025034770514603 0.10137536702209857 0.016689847009735814
21 0.3659403492505022 0.9089012517385257 0.09890279709473031 0.026425591098748244
21 0.8443826301962603 0.9102920723226704 0.09148508731262567 0.026425591098748383
27 0.024725699273682577 0.6230876216968011 0.03956111883789212 0.05006954102920723
27 0.9734971410910214 0.6237830319888734 0.053005717817957106 0.057023643949930404
