8 0.8888888888888888 0.03337969401947149 0.18049760469788295 0.04728789986091794
5 0.27816411682892905 0.760778859527121 0.4079740380157626 0.07510431154381081
4 0.7207541338278474 0.7607788595271211 0.4079740380157626 0.0834492350486788
17 0.258383557409983 0.8372739916550764 0.47226085612733726 0.05285118219749649
17 0.7417709782104773 0.8358831710709319 0.46978828619996904 0.055632823365785816
17 0.2559109874826147 0.911682892906815 0.45248029670839124 0.06815020862308757
17 0.7368258383557409 0.9082058414464533 0.46484314634523244 0.07510431154381081
18 0.37088548910523866 0.8337969401947148 0.22253129346314324 0.037552155771905404
18 0.8406737753052076 0.831710709318498 0.19780559418946073 0.047287899860917984
18 0.37088548910523866 0.9151599443671766 0.21264101375367017 0.05285118219749662
18 0.8505640550146808 0.9165507649513214 0.2126410137536702 0.055632823365785816
19 0.6008344923504868 0.8268428372739917 0.17307989491577822 0.02920723226703757
19 0.12239221140472877 0.9235048678720446 0.16566218513367328 0.04728789986091798
19 0.5995982073868027 0.9255910987482616 0.17555246484314643 0.031988873435326894
23 0.8480914850873126 0.9095966620305981 0.173079894915778 0.027816411682892977
23 0.3609952093957656 0.9109874826147427 0.1483541956420955 0.03894297635605
21 0.8431463452325761 0.8400556328233658 0.16813475506104156 0.027816411682892977
20 0.37212177406892283 0.8393602225312935 0.22994900324524803 0.048678720445062565
20 0.36964920414155455 0.9165507649513214 0.2250038633905115 0.05285118219749649
20 0.8480914850873126 0.9165507649513214 0.22253129346314324 0.05285118219749649
6 0.0296708391284191 0.45897079276773295 0.03956111883789213 0.08623087621696804
25 0.9680111265646729 0.6251738525730182 0.04203368876526028 0.054242002781641145
25 0.027198269201050836 0.6258692628650904 0.049451398547365154 0.047287899860918046
