8 0.8888888888888888 0.03198887343532684 0.19533302426209231 0.05285118219749652
6 0.13228249111420182 0.46036161335187764 0.23983928295472104 0.07788595271210014
25 0.4994591253283881 0.6251738525730182 0.9989182506567762 0.05702364394993047
17 0.258383557409983 0.7016689847009735 0.4673157162726008 0.09318497913769122
17 0.7343532684283727 0.7044506258692629 0.459898006490496 0.09596662030598054
17 0.25714727244629887 0.8101529902642559 0.45495286663575946 0.0876216968011127
17 0.7368258383557409 0.8122392211404729 0.46484314634523244 0.09735744089012513
17 0.25714727244629887 0.9095966620305981 0.459898006490496 0.07232267037552148
17 0.7343532684283727 0.9075104311543811 0.46484314634523244 0.07093184979137689
18 0.37212177406892283 0.7079276773296245 0.22005872353577494 0.07510431154381081
18 0.8419100602688918 0.7065368567454798 0.20522330397156538 0.07510431154381081
18 0.36964920414155455 0.8164116828929069 0.21016844382630193 0.0695410292072323
18 0.8480914850873122 0.8171070931849792 0.2126410137536702 0.07649513212795554
18 0.36717663421418634 0.9158553546592489 0.2101684438263019 0.05424200278164122
18 0.8493277700509964 0.9179415855354659 0.21511358368103842 0.05563282336578568
19 0.11744707154999226 0.7051460361613351 0.16566218513367328 0.03894297635605014
19 0.5909442126410136 0.7058414464534074 0.13846391593262253 0.05146036161335189
19 0.14340905578735896 0.8198887343532684 0.19780559418946062 0.04033379694019473
19 0.6144336269510121 0.8136300417246176 0.20522330397156544 0.058414464534075276
19 0.11744707154999226 0.9214186369958276 0.1804976046978828 0.054242002781641076
19 0.6082522021325916 0.9207232267037552 0.18297017462525111 0.03894297635605014
23 0.37088548910523866 0.6940194714881781 0.1879153144799876 0.03337969401947149
23 0.8431463452325759 0.6926286509040334 0.19286045433472424 0.027816411682892977
23 0.36717663421418634 0.8004172461752433 0.1755524648431463 0.02920723226703757
23 0.8431463452325761 0.8004172461752433 0.17802503477051446 0.02920723226703757
23 0.3597589244320815 0.9095966620305981 0.1409364858599907 0.03059805285118216
23 0.8480914850873126 0.9082058414464536 0.1631896152063051 0.03337969401947149
21 0.36841291917787045 0.7287899860917942 0.1829701746252511 0.022253129346314324
21 0.8456189151599444 0.7287899860917942 0.1532993354968319 0.022253129346314324
21 0.8456189151599444 0.8393602225312935 0.15824447535156863 0.026425591098748244
20 0.36841291917787045 0.8164116828929068 0.22253129346314326 0.07510431154381095
20 0.36717663421418634 0.9144645340751043 0.2101684438263019 0.05702364394993054
20 0.8480914850873126 0.9158553546592489 0.22253129346314324 0.059805285118219725
