8 0.8860419392585754 0.03174649924039841 0.18539191782474518 0.04006282612681389
11 0.5105856900015453 0.030598052851182195 0.36841291917787045 0.03337969401947149
16 0.834492350486787 0.03129346314325452 0.09643022716736198 0.043115438108484005
7 0.9346314325452016 0.029902642559109873 0.09890279709473035 0.043115438108484005
1 0.5031679802194405 0.2280945757997218 0.8283109256683665 0.2420027816411682
15 0.4994591253283881 0.4102920723226704 0.8208932158862616 0.1168289290681502
13 0.5872353577499613 0.19123783031988872 0.3832483387420799 0.04311543810848402
13 0.5736362231494359 0.29624478442280944 0.6329779014062741 0.03337969401947152
12 0.498222840364704 0.1898470097357441 0.8085303662494203 0.09596662030598052
12 0.5019316952557563 0.2941585535465925 0.8110029361767885 0.09040333796940192
6 0.038324833874208 0.4631432545201669 0.05686910832946993 0.07788595271210014
14 0.5000514880032952 0.4884151992585728 0.8649984553599012 0.8785912882298424
