5 0.2781525254249573 0.7604345679283142 0.40992340445518494 0.0765371322631836
4 0.7193996906280518 0.7607768177986145 0.40919867157936096 0.08081340789794922
19 0.6019745469093323 0.826703667640686 0.1714124083518982 0.030041886493563652
17 0.7376248240470886 0.9086627960205078 0.46063941717147827 0.07037792354822159
19 0.5981172919273376 0.9248016476631165 0.16907985508441925 0.03145332261919975
17 0.25937870144844055 0.8369840979576111 0.4641140401363373 0.0512542724609375
23 0.3631611466407776 0.9078750610351562 0.15362481772899628 0.036153413355350494
20 0.8489900827407837 0.9158906936645508 0.21842889487743378 0.05339813232421875
19 0.11637209355831146 0.9231882095336914 0.16359299421310425 0.04946460947394371
18 0.850454568862915 0.9161711931228638 0.21789483726024628 0.05619068071246147
18 0.3719829320907593 0.8329971432685852 0.22042222321033478 0.038739778101444244
20 0.371535062789917 0.8360889554023743 0.23128442466259003 0.0442846305668354
18 0.8467354774475098 0.8331314921379089 0.21313409507274628 0.04316997528076172
23 0.8482123613357544 0.9092550277709961 0.1746787279844284 0.030014801770448685
17 0.2543157637119293 0.9098212122917175 0.4506758451461792 0.06992854923009872
8 0.8886517286300659 0.03366301581263542 0.19100715219974518 0.049271225929260254
18 0.36921462416648865 0.9140664339065552 0.20922589302062988 0.05507316812872887
20 0.36700448393821716 0.915165364742279 0.20720551908016205 0.05307655408978462
7 0.9323611259460449 0.03153955563902855 0.09650523215532303 0.05138901621103287
17 0.7396135330200195 0.8362987637519836 0.4646112024784088 0.05201549455523491
21 0.8414605259895325 0.839984118938446 0.14897038042545319 0.025917625054717064
16 0.8357286354504713 0.03546592489568846 0.0890125173852573 0.048678720445062586
25 0.02596198423736671 0.6230876216968011 0.04203368876526039 0.04728789986091798
25 0.9741925513830937 0.6251738525730182 0.049451398547365105 0.048678720445062634
