8 0.936369001865387 0.03238798305392265 0.08388230949640274 0.03789036348462105
25 0.962975025177002 0.6259546875953674 0.07405005395412445 0.053492166101932526
11 0.5130582599289135 0.029902642559109873 0.36841291917787045 0.03477051460361613
16 0.8382012053778395 0.030598052851182195 0.09395765723999375 0.041724617524339355
7 0.9309225776541493 0.030598052851182195 0.10137536702209857 0.04450625869262865
6 0.04203368876526039 0.4624478442280946 0.04450625869262864 0.0792767732962448
25 0.03461597898315561 0.6251738525730182 0.0642868181115747 0.048678720445062634
15 0.5006954102920724 0.22878998609179416 0.8134755061041572 0.23783031988873432
13 0.5019316952557564 0.4694019471488177 0.8258383557409982 0.23226703755215572
13 0.5637459434399628 0.19193324061196104 0.46978828619996904 0.03894297635605007
13 0.5723999381857517 0.29276773296244785 0.546437953948385 0.0403337969401947
13 0.5031679802194404 0.4443671766342142 0.4870962756915468 0.045897079276773244
13 0.4833874208004944 0.5403337969401947 0.47226085612733726 0.04589707927677338
12 0.498222840364704 0.1926286509040334 0.7936949466852109 0.09596662030598052
12 0.5006954102920722 0.2955493741307371 0.8085303662494203 0.10431154381084845
