17 0.7342960238456726 0.9069973826408386 0.46118199825286865 0.07552681118249893
18 0.36875253915786743 0.9130598306655884 0.21506856381893158 0.06284866482019424
19 0.5868314504623413 0.8082175254821777 0.14678718149662018 0.05292243883013725
19 0.5935776233673096 0.9167232513427734 0.16475670039653778 0.05008506774902344
18 0.8468362092971802 0.9127455949783325 0.21405605971813202 0.06239662319421768
18 0.3694716691970825 0.8088880777359009 0.21438582241535187 0.07348556816577911
19 0.12430199980735779 0.8107776641845703 0.1761222928762436 0.0350835807621479
24 0.5 0.6235448718070984 1.0 0.049040984362363815
19 0.11619038134813309 0.9174589514732361 0.16322530806064606 0.05094795301556587
17 0.2551157772541046 0.9066020846366882 0.45407965779304504 0.07581748813390732
18 0.8468704223632812 0.809330940246582 0.2106814980506897 0.07172737270593643
23 0.3631894588470459 0.904276967048645 0.17454300820827484 0.02973022498190403
20 0.847523033618927 0.9119617342948914 0.217742919921875 0.06303024291992188
6 0.1312088519334793 0.46010923385620117 0.23846329748630524 0.07885437458753586
7 0.9309808611869812 0.030154725536704063 0.09071740508079529 0.04983406886458397
8 0.8874725699424744 0.031991537660360336 0.18746711313724518 0.050634920597076416
17 0.2576700448989868 0.8051016926765442 0.46481433510780334 0.09337711334228516
23 0.8442438840866089 0.904479444026947 0.15351800620555878 0.030258942395448685
20 0.36701399087905884 0.9111106991767883 0.2176874876022339 0.06381263583898544
23 0.3663620054721832 0.7939557433128357 0.14699366688728333 0.030860042199492455
17 0.7402309775352478 0.8057848215103149 0.4631686806678772 0.09401517361402512
23 0.8396838903427124 0.7962939143180847 0.12870721518993378 0.030692292377352715
21 0.3660458028316498 0.8317729830741882 0.10896248370409012 0.027199173346161842
20 0.8427888751029968 0.8094220161437988 0.2080903798341751 0.07538242638111115
16 0.8369649204141553 0.03129346314325452 0.10137536702209857 0.04589707927677329
