17 0.73622727394104 0.9092974662780762 0.4599989652633667 0.07028179615736008
19 0.6068854928016663 0.8160671591758728 0.1905299723148346 0.05565838888287544
23 0.3681163489818573 0.80108243227005 0.17063309252262115 0.028511429205536842
17 0.2551006078720093 0.9098389744758606 0.4554623067378998 0.07022037357091904
25 0.4999862015247345 0.62626051902771 0.9939333200454712 0.05276298522949219
18 0.8475776314735413 0.7067148685455322 0.21819289028644562 0.0757639929652214
19 0.11467393487691879 0.7056106925010681 0.15707392990589142 0.037246134132146835
18 0.8470279574394226 0.8161280751228333 0.21510960161685944 0.07361221313476562
7 0.9321969151496887 0.030028408393263817 0.09250590205192566 0.05183125659823418
18 0.8477903604507446 0.9158737063407898 0.21494752168655396 0.056912612169981
19 0.11801745742559433 0.9228388667106628 0.17073559761047363 0.05096549913287163
18 0.37029778957366943 0.7085527777671814 0.2195652425289154 0.0745338425040245
18 0.3695664405822754 0.8160446286201477 0.2132481038570404 0.0709998607635498
17 0.7400588989257812 0.7033459544181824 0.46168264746665955 0.09492053836584091
19 0.6042237877845764 0.9215677380561829 0.18479928374290466 0.0378902442753315
18 0.3674880266189575 0.9152852296829224 0.212990403175354 0.056412696838378906
19 0.5861958265304565 0.7052609324455261 0.14122433960437775 0.05265693739056587
6 0.1340157389640808 0.46030426025390625 0.23039788007736206 0.07570820301771164
17 0.7378820776939392 0.8112753033638 0.4588290750980377 0.09598026424646378
23 0.8451675772666931 0.9090973138809204 0.16399841010570526 0.03167305141687393
19 0.14035411179065704 0.8177577257156372 0.1993892341852188 0.039046671241521835
23 0.362700879573822 0.9104772806167603 0.13736478984355927 0.028343964368104935
20 0.36851128935813904 0.8158405423164368 0.22267471253871918 0.07759366184473038
20 0.8475863933563232 0.9152678847312927 0.21942715346813202 0.05776653438806534
23 0.8469215631484985 0.6931182146072388 0.2005043923854828 0.03115539625287056
23 0.3656535744667053 0.6921626329421997 0.15704481303691864 0.030459308996796608
8 0.8895911574363708 0.03229741379618645 0.18698391318321228 0.051727045327425
17 0.25979161262512207 0.8114503026008606 0.46068185567855835 0.09438152611255646
20 0.3649945557117462 0.9152825474739075 0.21550530195236206 0.056940652430057526
17 0.25687286257743835 0.7021509408950806 0.4668391942977905 0.0953369140625
23 0.8418229222297668 0.8008190393447876 0.1395653635263443 0.030620193108916283
21 0.37076738476753235 0.7288243174552917 0.16978836059570312 0.023198509588837624
21 0.8403335213661194 0.8387073874473572 0.11935577541589737 0.02819080464541912
21 0.8438290953636169 0.730505108833313 0.11671193689107895 0.02803020551800728
16 0.834492350486787 0.03268428372739916 0.09643022716736198 0.048678720445062586
22 0.37335805903260705 0.709318497913769 0.21758615360840694 0.07510431154381078
