8 0.8844450333906536 0.03238798305392266 0.18773024644587 0.03789036348462105
11 0.5093494050378611 0.030598052851182195 0.3758306289599752 0.03337969401947149
16 0.8357286354504713 0.027816411682892905 0.1087930768042034 0.041724617524339355
7 0.9321588626178334 0.029902642559109873 0.09395765723999389 0.037552155771905425
15 0.4994591253283882 0.4707927677329624 0.8258383557409982 0.23504867872044508
13 0.5625096584762787 0.18845618915159945 0.47226085612733726 0.05146036161335189
13 0.57487250811312 0.2955493741307371 0.5513830938031216 0.037552155771905404
13 0.4945139854736516 0.4443671766342142 0.4945139854736516 0.04033379694019473
13 0.4821511358368103 0.53894297635605 0.4648431463452326 0.03477051460361615
12 0.5006954102920722 0.19123783031988872 0.7986400865399473 0.09596662030598052
12 0.4994591253283881 0.29276773296244785 0.8011126564673156 0.09318497913769122
6 0.04203368876526039 0.4624478442280946 0.05439653840210168 0.0792767732962448
1 0.5019316952557563 0.2280945757997218 0.8159480760315252 0.23643949930458968
14 0.5016991041087426 0.4879518072289157 0.8649984553599012 0.8832252085264133
