8 0.8862282037734985 0.03162825107574463 0.18583662807941437 0.03986525535583496
1 0.5006954102920725 0.22878998609179416 0.8134755061041574 0.2433936022253129
7 0.9333951475815173 0.03268428372739916 0.10137536702209872 0.04033379694019471
16 0.834492350486787 0.03129346314325452 0.10632050687683503 0.04033379694019471
11 0.5031679802194405 0.03129346314325452 0.36841291917787045 0.02364394993045897
15 0.4994591253283882 0.4082058414464534 0.8110029361767888 0.10152990264255912
13 0.5723999381857517 0.1933240611961057 0.4870962756915469 0.04450625869262865
13 0.5686910832946994 0.2948539638386648 0.5736362231494359 0.06397774687065376
12 0.49822284036470404 0.19193324061196104 0.7887498068304744 0.0890125173852573
12 0.4994591253283881 0.29624478442280944 0.7961675166125791 0.09179415855354663
