17 0.7366400361061096 0.9091747403144836 0.4597954750061035 0.07047557830810547
19 0.6082495450973511 0.8157634735107422 0.19341608881950378 0.05649533495306969
25 0.49981173872947693 0.6258146166801453 0.9937366247177124 0.05458240583539009
23 0.3679925501346588 0.8009910583496094 0.17073635756969452 0.028490114957094193
17 0.25458765029907227 0.9098121523857117 0.45565855503082275 0.0705646499991417
18 0.8467956781387329 0.8158475756645203 0.2146657407283783 0.07491245120763779
19 0.11831169575452805 0.9226299524307251 0.17287352681159973 0.0519256591796875
19 0.11535019427537918 0.7056029438972473 0.1591235250234604 0.03713340684771538
18 0.8475580811500549 0.7069076299667358 0.21502584218978882 0.07515992969274521
18 0.8479200005531311 0.9159347414970398 0.21512621641159058 0.057126808911561966
18 0.37040263414382935 0.7083348631858826 0.21943853795528412 0.0737062469124794
19 0.6044185161590576 0.9211854934692383 0.18468128144741058 0.03827686235308647
19 0.5880762934684753 0.7057623863220215 0.1453026682138443 0.05225353315472603
18 0.36945411562919617 0.8160097002983093 0.21309375762939453 0.07070217281579971
18 0.36735180020332336 0.915191650390625 0.2125580757856369 0.05647773668169975
19 0.14079104363918304 0.8179362416267395 0.20125573873519897 0.04016132280230522
23 0.8450256586074829 0.9088048934936523 0.16550631821155548 0.03179283067584038
20 0.36833125352859497 0.8155336380004883 0.22108247876167297 0.07773623615503311
17 0.7377294301986694 0.8112818002700806 0.4581857919692993 0.0959327220916748
23 0.3621853291988373 0.9101288914680481 0.13804695010185242 0.028613662347197533
17 0.7379689812660217 0.7032861709594727 0.4597446620464325 0.09455051273107529
20 0.8475928902626038 0.9151169061660767 0.21998970210552216 0.05843315273523331
7 0.9311506152153015 0.030775636434555054 0.09053666889667511 0.050831522792577744
23 0.8459450602531433 0.6930854916572571 0.1945105642080307 0.030939102172851562
8 0.8891037106513977 0.03244723007082939 0.18639306724071503 0.05212479457259178
21 0.842753529548645 0.8385597467422485 0.10312313586473465 0.02850055694580078
17 0.2575015425682068 0.8111833930015564 0.46211010217666626 0.09306945651769638
20 0.3648243844509125 0.9150065779685974 0.2163269966840744 0.05767326429486275
17 0.2565534710884094 0.7018761038780212 0.46695655584335327 0.09479456394910812
23 0.8424848914146423 0.8006381988525391 0.14088846743106842 0.03092174604535103
23 0.36567968130111694 0.6923484206199646 0.1585289090871811 0.030788803473114967
21 0.36960265040397644 0.7286669015884399 0.1553712636232376 0.02246685139834881
6 0.13193650543689728 0.45902737975120544 0.23832009732723236 0.07782087475061417
21 0.8434168100357056 0.7300326824188232 0.10323130339384079 0.02781086042523384
16 0.8369649204141553 0.031988873435326845 0.09148508731262538 0.04728789986091795
22 0.37088548910523866 0.7107093184979137 0.22747643331787973 0.07510431154381081
