8 0.8852871656417847 0.03169391304254532 0.18352848291397095 0.039362430572509766
7 0.938340287436254 0.030598052851182195 0.10137536702209857 0.04450625869262865
16 0.8357286354504712 0.029902642559109873 0.09890279709473035 0.04033379694019471
1 0.5056405501468088 0.22948539638386647 0.8184206459588934 0.23922114047287898
15 0.5044042651831246 0.42350486787204455 0.8159480760315252 0.13769123783031995
13 0.57487250811312 0.19471488178025034 0.5612733735125945 0.06675938803894298
13 0.5736362231494359 0.2948539638386648 0.5093494050378611 0.04728789986091798
13 0.4833874208004944 0.4478442280945758 0.4623705764178643 0.04172461752433932
12 0.498222840364704 0.19401947148817805 0.7986400865399473 0.09040333796940192
12 0.49945912532838804 0.29276773296244785 0.806057796322052 0.09596662030598051
11 0.5068768351104929 0.029207232267037555 0.37583062895997515 0.033379694019471495
14 0.5000514880032952 0.48887859128822986 0.8649984553599012 0.8795180722891567
