27 0.49999999999999994 0.6253791277365494 0.9999999999999999 0.05290290211769064
17 0.7356954216957092 0.8452981114387512 0.4612009823322296 0.09263096004724503
19 0.13607867062091827 0.7408252954483032 0.2116849720478058 0.05318460613489151
18 0.8481248617172241 0.7405152320861816 0.21623976528644562 0.07431726902723312
19 0.6085143089294434 0.7396391034126282 0.19279785454273224 0.04973659664392471
17 0.2578214406967163 0.9276706576347351 0.4595777690410614 0.04105892404913902
18 0.3698229491710663 0.7391355037689209 0.2149234116077423 0.07566242665052414
18 0.36970946192741394 0.8491746783256531 0.21643957495689392 0.07617530971765518
18 0.8481782078742981 0.8488027453422546 0.21360339224338531 0.07710380852222443
8 0.8889834880828857 0.03232051804661751 0.18595276772975922 0.05128246545791626
19 0.5983966588973999 0.6542391777038574 0.16021034121513367 0.029901504516601562
17 0.25859031081199646 0.7367944717407227 0.4639107584953308 0.09529972076416016
23 0.36748430132865906 0.725082516670227 0.17055782675743103 0.028462601825594902
18 0.37116682529449463 0.6558465361595154 0.22190214693546295 0.021132661029696465
17 0.25782310962677 0.8450449109077454 0.4630296528339386 0.09378352016210556
7 0.9309705495834351 0.03067893162369728 0.09178687632083893 0.0513160414993763
19 0.12879721820354462 0.8502751588821411 0.1964765340089798 0.05088634416460991
19 0.6105793118476868 0.8513769507408142 0.1947702169418335 0.053008079528808594
17 0.734143853187561 0.7368459701538086 0.46056944131851196 0.09750642627477646
23 0.843349039554596 0.7262139320373535 0.15738321840763092 0.029915524646639824
23 0.3665645122528076 0.8332574963569641 0.16676627099514008 0.029567718505859375
17 0.7397516369819641 0.922167956829071 0.47296905517578125 0.04291229322552681
21 0.8455703854560852 0.8716997504234314 0.14360181987285614 0.026134490966796875
18 0.3687378764152527 0.9340631365776062 0.22372253239154816 0.03522243723273277
21 0.3641618490219116 0.8720276951789856 0.14311984181404114 0.028419876471161842
23 0.8436667919158936 0.8352136611938477 0.14241638779640198 0.02820892445743084
17 0.25472214818000793 0.6620038151741028 0.4709561765193939 0.028873825445771217
20 0.8437218070030212 0.739368200302124 0.2104114145040512 0.07854776829481125
20 0.3683668375015259 0.7383469939231873 0.21862632036209106 0.08035755157470703
17 0.7416045665740967 0.6613391041755676 0.47169309854507446 0.02935791015625
18 0.8537682890892029 0.6557933688163757 0.22671814262866974 0.02085285261273384
23 0.3650586009025574 0.9379768371582031 0.1880967915058136 0.027389908209443092
19 0.11919831484556198 0.9397990107536316 0.1631699502468109 0.021266555413603783
16 0.8357286354504712 0.030598052851182195 0.09395765723999361 0.04450625869262865
20 0.37088548910523866 0.6578581363004173 0.23242157317261625 0.01668984700973567
20 0.8456189151599444 0.6606397774687065 0.21758615360840663 0.019471488178025
22 0.8456189151599444 0.8484005563282336 0.2126410137536702 0.07232267037552162
