19 0.6084175109863281 0.8082904815673828 0.1930231750011444 0.05026664957404137
17 0.7340718507766724 0.6978833079338074 0.4604082405567169 0.09367237240076065
27 0.5 0.6256289482116699 1.0 0.0525328628718853
19 0.6010143756866455 0.6996442079544067 0.17703738808631897 0.0764698013663292
18 0.8474823832511902 0.8084354400634766 0.21399231255054474 0.0717836394906044
18 0.36909088492393494 0.9133264422416687 0.21613869071006775 0.07111244648694992
19 0.13869087398052216 0.6992756128311157 0.2183157056570053 0.052835654467344284
19 0.13009019196033478 0.9167879223823547 0.2006605565547943 0.05009155347943306
18 0.3698188066482544 0.8085330128669739 0.21347808837890625 0.07455749809741974
18 0.8495771884918213 0.9138115048408508 0.21662259101867676 0.06915664672851562
18 0.36945444345474243 0.6985417604446411 0.21041838824748993 0.07291489094495773
23 0.8452123403549194 0.7947306036949158 0.15625068545341492 0.028772354125976562
19 0.13779155910015106 0.8092806935310364 0.21285176277160645 0.05414409562945366
7 0.9326900243759155 0.030457813292741776 0.09265255928039551 0.05267387628555298
17 0.738965630531311 0.8050538897514343 0.46216651797294617 0.09494781494140625
18 0.8472223877906799 0.6988372802734375 0.21407471597194672 0.07348137348890305
17 0.7339262366294861 0.9074563980102539 0.4607108235359192 0.07821617275476456
19 0.6106105446815491 0.9177693724632263 0.1997133046388626 0.052294161170721054
17 0.25806811451911926 0.8054685592651367 0.4660656154155731 0.09743709862232208
23 0.3668859004974365 0.7941753268241882 0.16806326806545258 0.02679271809756756
17 0.2612612545490265 0.6983189582824707 0.4711574614048004 0.08983631432056427
23 0.369186669588089 0.6846179366111755 0.1661127805709839 0.029909515753388405
20 0.36610814929008484 0.8067654967308044 0.21338120102882385 0.08122386783361435
23 0.8436391353607178 0.9034774899482727 0.14291314780712128 0.02797698974609375
23 0.3644208312034607 0.902873158454895 0.17106400430202484 0.02903289906680584
23 0.8432671427726746 0.6866762042045593 0.16390584409236908 0.027664948254823685
17 0.25937023758888245 0.9049690365791321 0.4625692367553711 0.07960166782140732
20 0.844163179397583 0.8075212836265564 0.21091444790363312 0.0795169398188591
20 0.36922183632850647 0.6984304785728455 0.21621502935886383 0.07783317565917969
8 0.8888017535209656 0.03230820223689079 0.1868693083524704 0.051483154296875
20 0.841865062713623 0.6994503736495972 0.20658841729164124 0.07750368118286133
21 0.3691919147968292 0.9380787014961243 0.14202645421028137 0.02217712439596653
16 0.8382012053778395 0.03198887343532684 0.08406737753052085 0.05285118219749652
22 0.36841291917787045 0.9102920723226704 0.22253129346314326 0.06258692628650919
22 0.8493277700509967 0.9095966620305981 0.22005872353577502 0.06397774687065379
