19 0.604685366153717 0.8167300224304199 0.18420995771884918 0.055002786219120026
25 0.9367719888687134 0.6262600421905518 0.12645603716373444 0.052706528455019
18 0.3703281879425049 0.8179389238357544 0.2175326645374298 0.07836990803480148
19 0.13805419206619263 0.8154048323631287 0.2055269032716751 0.037415314465761185
17 0.7359904050827026 0.9107953906059265 0.46301034092903137 0.07126503437757492
23 0.36594969034194946 0.6882879137992859 0.1587485522031784 0.02852191962301731
18 0.8464641571044922 0.8169771432876587 0.2174728512763977 0.0768280029296875
6 0.07144924253225327 0.4614878296852112 0.11255040019750595 0.0767786055803299
19 0.5889317989349365 0.7045092582702637 0.14447081089019775 0.05435962602496147
17 0.2561900317668915 0.9118297696113586 0.45398908853530884 0.07157859951257706
20 0.849139928817749 0.916580855846405 0.21841837465763092 0.05773964151740074
18 0.371035099029541 0.713239312171936 0.23121881484985352 0.07546033710241318
21 0.3716525137424469 0.7311908006668091 0.181843563914299 0.0341738723218441
20 0.3666877746582031 0.9166166186332703 0.21198035776615143 0.05835914611816406
18 0.3673684000968933 0.9161497354507446 0.20839470624923706 0.06020698696374893
23 0.36716607213020325 0.8004969954490662 0.16059604287147522 0.02688312530517578
25 0.06713206321001053 0.625281035900116 0.11788894236087799 0.045683860778808594
17 0.739040195941925 0.8144584894180298 0.461160808801651 0.098366878926754
18 0.848271369934082 0.9164770245552063 0.21320191025733948 0.05922813341021538
17 0.7405450940132141 0.7060125470161438 0.4548804461956024 0.0909002348780632
19 0.6066009998321533 0.9243515133857727 0.19052523374557495 0.03532753139734268
2 0.4983386993408203 0.6003247499465942 0.3688497841358185 0.07987699657678604
17 0.2609846889972687 0.8152217268943787 0.4652694761753082 0.09786701202392578
19 0.12038099765777588 0.9250673651695251 0.1709834188222885 0.04882316663861275
17 0.25910136103630066 0.7059947848320007 0.46681323647499084 0.09812851250171661
18 0.8443958163261414 0.7076010704040527 0.22089962661266327 0.07400494068861008
21 0.842515766620636 0.7297846674919128 0.13678690791130066 0.02620983123779297
23 0.8406092524528503 0.6909419894218445 0.1934187263250351 0.028830528259277344
19 0.10511676222085953 0.7061229348182678 0.14277467131614685 0.035217951983213425
23 0.8406546711921692 0.8008699417114258 0.14289143681526184 0.02974872663617134
8 0.8895062208175659 0.034156687557697296 0.18701782822608948 0.04435393959283829
20 0.36604148149490356 0.8171631693840027 0.21637913584709167 0.08077602833509445
23 0.8446445465087891 0.9098092913627625 0.15400153398513794 0.030036544427275658
21 0.8446919918060303 0.8390545845031738 0.14330139756202698 0.027535630390048027
23 0.3607959449291229 0.9111340641975403 0.13287407159805298 0.0272356029599905
7 0.9334750771522522 0.03000553883612156 0.09693552553653717 0.05155539512634277
16 0.841910060268892 0.03407510431154379 0.10137536702209866 0.04867872044506258
