19 0.6078286170959473 0.7209303975105286 0.19079674780368805 0.0517156608402729
17 0.7350728511810303 0.8258992433547974 0.45935094356536865 0.0898895263671875
17 0.2557552754878998 0.916535496711731 0.45522093772888184 0.05686817318201065
18 0.8465820550918579 0.8299565315246582 0.2115292102098465 0.07343711704015732
27 0.5 0.6284225583076477 1.0 0.06013965606689453
19 0.1302613765001297 0.8326683044433594 0.19760923087596893 0.053592681884765625
18 0.37014368176460266 0.7212255597114563 0.21457205712795258 0.07484588772058487
18 0.8471568822860718 0.7211410403251648 0.21580353379249573 0.07447252422571182
17 0.258133202791214 0.8272128105163574 0.4640936255455017 0.0954814925789833
18 0.3697166442871094 0.8310999274253845 0.21479178965091705 0.076224185526371
17 0.7335066199302673 0.7185067534446716 0.46187135577201843 0.09771137684583664
18 0.36894866824150085 0.923668384552002 0.21708671748638153 0.0476343147456646
6 0.13224542140960693 0.4596918225288391 0.23969678580760956 0.07945938408374786
19 0.6103725433349609 0.833190381526947 0.19448411464691162 0.052939414978027344
23 0.843571662902832 0.816407322883606 0.14190775156021118 0.028330041095614433
23 0.3638579547405243 0.8150710463523865 0.16943487524986267 0.029900360852479935
19 0.13743282854557037 0.7214752435684204 0.21257665753364563 0.05340385437011719
19 0.12011253833770752 0.9277990460395813 0.16923797130584717 0.03134308010339737
8 0.8877322673797607 0.032664988189935684 0.1869133859872818 0.0506817065179348
17 0.25890013575553894 0.7147983908653259 0.4679878056049347 0.10060367733240128
7 0.9301289916038513 0.030446236953139305 0.08814816176891327 0.05001262575387955
23 0.8455939888954163 0.708096981048584 0.15087619423866272 0.029271697625517845
23 0.36838528513908386 0.7065170407295227 0.16468532383441925 0.027229785919189453
21 0.36263415217399597 0.852643609046936 0.13830168545246124 0.027266694232821465
21 0.8445855379104614 0.8531471490859985 0.1375885009765625 0.02567901648581028
23 0.36488059163093567 0.9230777025222778 0.17608609795570374 0.034487344324588776
20 0.3675636351108551 0.7202954292297363 0.21461383998394012 0.07747554779052734
17 0.7412674427032471 0.9113256335258484 0.48856353759765625 0.060401152819395065
20 0.8428918719291687 0.7212581038475037 0.20891520380973816 0.07884635776281357
16 0.8344923504867872 0.03129346314325452 0.08653994745788907 0.043115438108484005
