8 0.8852880001068115 0.031694408506155014 0.18352340161800385 0.039366044104099274
16 0.8406737753052077 0.029902642559109873 0.08901251738525728 0.037552155771905425
7 0.9358677175088856 0.032684283727399135 0.09148508731262535 0.0375521557719054
11 0.5056405501468088 0.030598052851182195 0.37335805903260694 0.027816411682892905
15 0.5019316952557565 0.22670375521557712 0.820893215886262 0.2392211404728789
15 0.5019316952557564 0.42698191933240615 0.8159480760315252 0.14742698191933237
13 0.5686910832946994 0.19471488178025034 0.5785813630041724 0.06397774687065368
13 0.5662185133673311 0.29624478442280944 0.5241848246020707 0.05285118219749652
13 0.4821511358368103 0.44575799721835885 0.4598980064904959 0.037552155771905404
12 0.49575027043733577 0.19401947148817805 0.7936949466852109 0.09040333796940192
12 0.4969865554010198 0.2948539638386648 0.8011126564673156 0.09457579972183591
14 0.500875296056019 0.4874884151992586 0.8633508392544538 0.8785912882298424
