19 0.6088336110115051 0.9205513000488281 0.19801509380340576 0.04842529445886612
17 0.734381377696991 0.9100584387779236 0.46489056944847107 0.07311325520277023
23 0.36758533120155334 0.8007912039756775 0.17522811889648438 0.02965693548321724
17 0.25595343112945557 0.7018672823905945 0.45409759879112244 0.09490976482629776
19 0.1066446304321289 0.9235894083976746 0.14353278279304504 0.03563842922449112
19 0.5910271406173706 0.7037342190742493 0.15314483642578125 0.056318093091249466
19 0.1266660839319229 0.705082893371582 0.1879420280456543 0.03565559536218643
18 0.8469786047935486 0.8150704503059387 0.21110060811042786 0.07112731784582138
24 0.5001574754714966 0.6237179636955261 0.9996851086616516 0.049666404724121094
18 0.3698444366455078 0.7055941820144653 0.2116352617740631 0.07378368824720383
17 0.7369173169136047 0.7028673887252808 0.4624454081058502 0.09587564319372177
21 0.36803123354911804 0.7287006378173828 0.1433735340833664 0.023032760247588158
18 0.3690154254436493 0.8154889941215515 0.21437403559684753 0.07187800854444504
19 0.11979622393846512 0.8169817328453064 0.16873393952846527 0.05791110917925835
19 0.5963190793991089 0.8135094046592712 0.16778428852558136 0.05434909090399742
17 0.25526779890060425 0.9093319177627563 0.451028972864151 0.06913910061120987
18 0.3654966652393341 0.9155907034873962 0.21517382562160492 0.05775490030646324
6 0.13343796133995056 0.4601362347602844 0.23066279292106628 0.07655906677246094
23 0.3695148229598999 0.6910978555679321 0.14783920347690582 0.029948806390166283
18 0.8498351573944092 0.9145105481147766 0.21619026362895966 0.06227569654583931
17 0.7346574664115906 0.8112999200820923 0.4583313465118408 0.09644856303930283
18 0.846226155757904 0.7049267888069153 0.2098490446805954 0.0745965987443924
8 0.8890276551246643 0.03250735253095627 0.18781721591949463 0.05055524781346321
17 0.25996699929237366 0.8107747435569763 0.4646526873111725 0.09689082950353622
23 0.8421934247016907 0.8017621040344238 0.15414293110370636 0.029801560565829277
23 0.3628774583339691 0.909976601600647 0.1628701090812683 0.02922668494284153
23 0.8483088612556458 0.9064628481864929 0.2066972553730011 0.03487396240234375
20 0.3679506182670593 0.8154005408287048 0.2230411171913147 0.07849369198083878
7 0.9326480031013489 0.030804289504885674 0.09270714968442917 0.050112854689359665
20 0.3646654784679413 0.9134913682937622 0.21583490073680878 0.06054191663861275
23 0.8407917022705078 0.691821813583374 0.1207834929227829 0.03008108213543892
20 0.8470994830131531 0.8150560259819031 0.2173851877450943 0.07847066223621368
20 0.8438374996185303 0.7062382102012634 0.2069871723651886 0.0763469710946083
16 0.8406737753052078 0.03477051460361613 0.09890279709473035 0.04450625869262865
