8 0.8860419392585754 0.03174649924039841 0.18539191782474518 0.04006282612681389
11 0.5118219749652294 0.03129346314325452 0.3807757688147118 0.03477051460361613
7 0.9321588626178332 0.03337969401947149 0.09890279709473049 0.03894297635605007
16 0.8320197805594188 0.03129346314325452 0.10137536702209843 0.04033379694019471
15 0.5019316952557564 0.22670375521557717 0.820893215886262 0.23922114047287898
13 0.5044042651831245 0.40890125173852565 0.8110029361767883 0.11126564673157155
13 0.5773450780404883 0.196105702364395 0.3239066604852418 0.04450625869262865
13 0.5761087930768037 0.2969401947148817 0.628032761551537 0.04033379694019476
12 0.4969865554010199 0.19193324061196104 0.7961675166125791 0.09457579972183586
12 0.498222840364704 0.2948539638386648 0.7936949466852109 0.0890125173852573
6 0.04203368876526039 0.4603616133518776 0.049451398547365154 0.07232267037552155
14 0.5016991041087426 0.489341983317887 0.8584079909381114 0.8804448563484709
