0 0.5031679802194404 0.4993045897079277 0.8134755061041568 0.6592489568845619
8 0.8930079291525075 0.03429101019462465 0.1845330038101123 0.04819277108433735
7 0.9341983317886933 0.03521779425393883 0.1054474307486356 0.051899907321594066
17 0.25949953660797037 0.9101019462465245 0.46298012563072805 0.07599629286376271
17 0.7422510555040677 0.9110287303058388 0.4662753578416231 0.07228915662650608
18 0.36988981567294815 0.9179796107506951 0.20265678097003395 0.056533827618164875
18 0.8485222943054268 0.9165894346617239 0.21089486149727107 0.055607043558850794
19 0.11450931932859643 0.9249304911955514 0.15322829780661107 0.04819277108433738
19 0.6005560704355886 0.9263206672845226 0.16970445886108534 0.03614457831325311
23 0.36988981567294815 0.911955514365153 0.11368551127587274 0.02965708989805378
23 0.8485222943054268 0.9133456904541242 0.13180928843579437 0.026876737720111236
20 0.36741839151477707 0.9193697868396663 0.20100916486458653 0.05375347544022233
20 0.8476984862527032 0.9165894346617239 0.21254247760271852 0.05375347544022247
