8 0.8839437490341524 0.03129346314325452 0.19038788440735588 0.05146036161335187
3 0.5550919486941739 0.3810848400556328 0.08159480760315255 0.03894297635605007
25 0.4994591253283881 0.6244784422809458 0.9989182506567762 0.05285118219749656
17 0.2596198423736671 0.7023643949930459 0.46978828619996904 0.0945757997218358
17 0.7405346932467932 0.7051460361613351 0.46237057641786417 0.09735744089012527
17 0.26332869726471947 0.8143254520166898 0.4623705764178643 0.0876216968011127
17 0.7405346932467932 0.8143254520166898 0.4574254365631277 0.09596662030598054
17 0.25714727244629887 0.9109874826147427 0.45495286663575946 0.06675938803894298
17 0.7355895533920568 0.9089012517385257 0.4574254365631278 0.07093184979137689
18 0.36717663421418634 0.7058414464534075 0.2101684438263019 0.07927677329624473
18 0.8480914850873126 0.7065368567454797 0.21758615360840663 0.07232267037552148
18 0.36964920414155455 0.8157162726008345 0.22005872353577505 0.07371349095966621
18 0.8468552001236281 0.8157162726008345 0.21016844382630195 0.07093184979137704
18 0.36841291917787045 0.9158553546592489 0.21758615360840672 0.05424200278164122
18 0.8456189151599444 0.9165507649513214 0.2126410137536702 0.05285118219749649
19 0.11126564673157162 0.7086230876216968 0.14835419564209548 0.034770514603616076
19 0.1372276309689383 0.8164116828929068 0.21016844382630193 0.03337969401947149
19 0.11744707154999226 0.9235048678720444 0.16566218513367328 0.0500695410292073
19 0.5847627878225929 0.7051460361613351 0.1359913460052541 0.05563282336578581
19 0.6020707773141707 0.8164116828929068 0.1755524648431463 0.05285118219749663
19 0.6045433472415391 0.9228094575799721 0.19038788440735593 0.034770514603616076
23 0.36594034925050223 0.6905424200278165 0.17307989491577808 0.031988873435326894
23 0.8468552001236285 0.691933240611961 0.19038788440735588 0.02920723226703757
23 0.36470406428681806 0.8018080667593881 0.17555246484314632 0.026425591098748244
23 0.8468552001236285 0.8011126564673157 0.17060732498840978 0.03059805285118216
23 0.36470406428681806 0.9109874826147427 0.13599134600525417 0.027816411682892977
23 0.8406737753052077 0.9109874826147427 0.16318961520630496 0.03337969401947149
21 0.36717663421418634 0.7301808066759389 0.1508267655694637 0.027816411682892835
21 0.8443826301962603 0.7287899860917942 0.1458816257147272 0.019471488178025142
21 0.8431463452325759 0.8379694019471488 0.1582444753515685 0.02920723226703757
20 0.37212177406892283 0.8150208623087621 0.22500386339051148 0.08066759388038947
20 0.37088548910523866 0.9165507649513214 0.22253129346314324 0.061196105702364466
20 0.8456189151599444 0.9151599443671766 0.2126410137536702 0.055632823365785955
