8 0.8950703137073094 0.03407510431154381 0.1928604543347241 0.05146036161335187
7 0.9358677175088858 0.029902642559109873 0.10137536702209857 0.048678720445062586
6 0.1322824911142018 0.45897079276773295 0.229949003245248 0.07788595271210014
27 0.5 0.6244784422809458 1.0 0.05563282336578574
17 0.24849327770050994 0.6801112656467316 0.45248029670839124 0.0695410292072323
17 0.7392984082831091 0.6794158553546592 0.46978828619996904 0.06536856745479824
17 0.2559109874826147 0.7760778859527122 0.4623705764178643 0.09179415855354663
17 0.7355895533920568 0.7746870653685675 0.45248029670839124 0.09735744089012513
17 0.258383557409983 0.8866481223922114 0.4623705764178643 0.0959666203059804
17 0.7430072631741615 0.8852573018080667 0.4623705764178643 0.09318497913769122
18 0.36964920414155455 0.6759388038942976 0.21511358368103842 0.05841446453407499
18 0.8468552001236285 0.6766342141863698 0.2200587235357749 0.0570236439499304
18 0.36964920414155455 0.7746870653685675 0.22005872353577505 0.07510431154381081
18 0.845618915159944 0.7746870653685676 0.20769587389893374 0.07788595271210014
18 0.37088548910523866 0.8873435326842838 0.21758615360840672 0.07510431154381095
18 0.845618915159944 0.8838664812239222 0.20769587389893374 0.07371349095966608
19 0.1372276309689383 0.6655076495132127 0.21016844382630193 0.048678720445062565
19 0.5884716427136455 0.6655076495132127 0.14340905578735894 0.048678720445062565
19 0.1458816257147272 0.7788595271210014 0.2126410137536702 0.05285118219749663
19 0.6008344923504868 0.7788595271210014 0.16813475506104147 0.0778859527121
19 0.13846391593262244 0.8887343532684284 0.20769587389893368 0.05841446453407514
19 0.6094884870962756 0.885952712100139 0.19038788440735593 0.05285118219749649
23 0.36346777932313395 0.6564673157162727 0.11373821665893985 0.019471488178025
23 0.8394374903415235 0.6585535465924895 0.056869108329469925 0.023643949930458916
23 0.36594034925050223 0.7621696801112656 0.15329933549683197 0.03337969401947149
23 0.8456189151599444 0.7642559109874826 0.15824447535156863 0.031988873435326755
23 0.37212177406892283 0.8720445062586927 0.15082676556946376 0.030598052851182018
23 0.8419100602688918 0.8706536856745482 0.13599134600525417 0.027816411682892835
21 0.37088548910523866 0.6898470097357441 0.09890279709473035 0.027816411682892977
21 0.8468552001236285 0.6919332406119608 0.08653994745788905 0.029207232267037628
21 0.36223149435944973 0.799721835883171 0.08159480760315255 0.027816411682892977
21 0.8456189151599444 0.8018080667593881 0.08901251738525744 0.023643949930459058
21 0.3708854891052388 0.9095966620305981 0.10384793694946684 0.027816411682892977
21 0.84438263019626 0.9102920723226703 0.08653994745788907 0.02086230876216959
