3 0.3288518003399783 0.15229485396383868 0.08901251738525726 0.04589707927677333
25 0.4994591253283881 0.6244784422809458 0.9939731108020398 0.0500695410292073
8 0.890125173852573 0.03337969401947149 0.18791531447998763 0.055632823365785816
17 0.25714727244629887 0.704450625869263 0.45495286663575946 0.09318497913769122
17 0.7392984082831091 0.7037552155771906 0.45495286663575946 0.09457579972183597
17 0.258383557409983 0.8129346314325452 0.4574254365631278 0.09318497913769122
17 0.7417709782104773 0.8157162726008345 0.4648431463452325 0.09874826147426972
17 0.258383557409983 0.9082058414464536 0.4623705764178643 0.06397774687065365
17 0.7392984082831091 0.9082058414464536 0.46484314634523244 0.0695410292072323
18 0.36841291917787045 0.707232267037552 0.20769587389893368 0.07093184979137689
18 0.8443826301962599 0.7086230876216968 0.20522330397156552 0.06815020862308757
18 0.3721217740689229 0.8171070931849791 0.21511358368103844 0.07371349095966635
18 0.8468552001236285 0.8164116828929068 0.21511358368103842 0.06675938803894298
18 0.36964920414155455 0.9172461752433937 0.21016844382630193 0.05424200278164108
18 0.8505640550146808 0.9158553546592489 0.20769587389893374 0.057023643949930536
19 0.10879307680420336 0.7065368567454798 0.143409055787359 0.03616133518776081
19 0.5822902178952247 0.7058414464534075 0.13599134600525425 0.05424200278164122
19 0.1347550610415701 0.8143254520166898 0.20027816411682892 0.037552155771905404
19 0.6070159171689073 0.8143254520166898 0.1854427445526195 0.05146036161335189
19 0.11002936176788747 0.9228094575799721 0.15577190542420025 0.04867872044506271
19 0.6057796322052232 0.9242002781641168 0.18297017462525111 0.031988873435326894
23 0.3659403492505022 0.691933240611961 0.16318961520630507 0.026425591098748244
23 0.8468552001236285 0.6933240611961057 0.19533302426209231 0.023643949930458916
23 0.3659403492505022 0.8011126564673157 0.16318961520630507 0.027816411682892835
23 0.8419100602688918 0.8004172461752433 0.1508267655694638 0.02920723226703757
23 0.3597589244320815 0.9095966620305981 0.1458816257147272 0.03059805285118216
23 0.8419100602688918 0.9082058414464536 0.13599134600525417 0.030598052851182302
21 0.37088548910523866 0.7294853963838664 0.1483541956420955 0.023643949930458916
21 0.8443826301962603 0.7301808066759388 0.1458816257147272 0.03059805285118216
21 0.8456189151599444 0.8393602225312935 0.14835419564209545 0.02086230876216959
20 0.3671766342141863 0.819193324061196 0.220058723535775 0.07788595271210028
20 0.36841291917787045 0.9179415855354659 0.22253129346314326 0.05841446453407514
20 0.8468552001236285 0.9158553546592489 0.21511358368103842 0.05424200278164122
