8 0.8876526039252047 0.031988873435326845 0.1928604543347241 0.04728789986091795
3 0.6985010044815324 0.32684283727399155 0.08653994745788897 0.04450625869262845
25 0.5 0.6265646731571627 1.0 0.048678720445062634
17 0.258383557409983 0.704450625869263 0.4673157162726008 0.09874826147426986
17 0.7368258383557409 0.7044506258692629 0.45495286663575946 0.09040333796940189
17 0.258383557409983 0.8129346314325452 0.4623705764178643 0.10152990264255905
17 0.7368258383557409 0.8108484005563281 0.459898006490496 0.10013908205841446
17 0.2596198423736671 0.9102920723226704 0.46978828619996904 0.07371349095966621
17 0.738062123319425 0.9089012517385257 0.4623705764178643 0.07093184979137689
18 0.37088548910523866 0.7044506258692629 0.2076958738989337 0.07371349095966621
18 0.8493277700509964 0.7079276773296245 0.21511358368103842 0.07510431154381081
18 0.36964920414155455 0.8164116828929068 0.21511358368103842 0.07232267037552162
18 0.8480914850873122 0.8150208623087621 0.2126410137536702 0.07510431154381081
18 0.36841291917787045 0.9172461752433935 0.2126410137536702 0.0570236439499304
18 0.8493277700509964 0.9165507649513214 0.21511358368103842 0.05285118219749649
19 0.11002936176788747 0.7051460361613351 0.15577190542420025 0.030598052851182302
19 0.14093648585999072 0.8157162726008345 0.2126410137536702 0.037552155771905404
19 0.1100293617678875 0.9214186369958276 0.17555246484314632 0.05146036161335189
19 0.5872353577499613 0.7065368567454798 0.15082676556946376 0.05841446453407514
19 0.603307062277855 0.8157162726008346 0.19286045433472424 0.057023643949930404
19 0.6008344923504866 0.9242002781641169 0.1780250347705145 0.037552155771905404
23 0.36841291917787045 0.6905424200278163 0.1780250347705146 0.02920723226703757
23 0.8493277700509967 0.694019471488178 0.18544274455261928 0.027816411682892977
23 0.373358059032607 0.8011126564673157 0.1829701746252511 0.027816411682892835
23 0.8480914850873126 0.8025034770514603 0.18297017462525106 0.027816411682892835
23 0.36346777932313395 0.911682892906815 0.14835419564209545 0.026425591098748383
23 0.8443826301962603 0.9102920723226704 0.16071704527893688 0.02920723226703757
21 0.36964920414155455 0.7280945757997217 0.1607170452789367 0.02920723226703757
21 0.8431463452325759 0.7308762169680111 0.15329933549683206 0.029207232267037427
21 0.8456189151599444 0.8407510431154381 0.15824447535156863 0.026425591098748383
20 0.36964920414155455 0.8150208623087621 0.21511358368103842 0.0834492350486788
20 0.3745943439962911 0.9172461752433937 0.21511358368103844 0.054242002781641076
20 0.8505640550146808 0.9165507649513214 0.2175861536084068 0.05285118219749649
