8 0.890125173852573 0.03407510431154381 0.1928604543347241 0.05146036161335187
25 0.5012362849636841 0.6279554937413073 0.9975274300726318 0.048678720445062565
17 0.25714727244629887 0.7030598052851182 0.45495286663575946 0.09040333796940189
17 0.7368258383557409 0.7058414464534075 0.45495286663575946 0.09596662030598054
17 0.2645649822284036 0.8164116828929068 0.4648431463452325 0.08901251738525716
17 0.7368258383557409 0.8115438108484005 0.45495286663575946 0.09318497913769136
17 0.258383557409983 0.909596662030598 0.4574254365631278 0.0695410292072323
17 0.7355895533920568 0.9095966620305981 0.4623705764178643 0.06675938803894298
18 0.36841291917787045 0.7079276773296245 0.2126410137536702 0.07510431154381081
18 0.8480914850873126 0.7065368567454798 0.20769587389893374 0.0695410292072323
18 0.37088548910523866 0.8164116828929069 0.21264101375367017 0.0695410292072323
18 0.8505640550146808 0.8157162726008345 0.2126410137536702 0.07371349095966621
18 0.3659403492505022 0.9165507649513214 0.2126410137536702 0.055632823365785816
18 0.8443826301962603 0.915855354659249 0.21511358368103842 0.0514603616133519
19 0.10755679184051922 0.7086230876216968 0.14588162571472724 0.031988873435326894
19 0.5847627878225929 0.7065368567454797 0.1310462061505177 0.05006954102920716
19 0.13970020089630658 0.8150208623087621 0.19038788440735588 0.03059805285118216
19 0.603307062277855 0.8157162726008346 0.17307989491577794 0.057023643949930404
19 0.11621078658630815 0.9214186369958276 0.16318961520630507 0.04589707927677338
19 0.5983619224231185 0.9235048678720446 0.17802503477051468 0.03337969401947149
23 0.36841291917787045 0.6905424200278165 0.1582444753515685 0.023643949930459058
23 0.8468552001236285 0.6912378303198886 0.19533302426209231 0.02503477051460365
23 0.36223149435944973 0.8018080667593881 0.17555246484314632 0.026425591098748244
23 0.8394374903415236 0.8018080667593881 0.15577190542420027 0.026425591098748244
23 0.3572863545047133 0.911682892906815 0.13104620615051768 0.026425591098748383
23 0.84438263019626 0.9102920723226704 0.15577190542420027 0.026425591098748383
21 0.36841291917787045 0.7287899860917942 0.14835419564209548 0.025034770514603507
21 0.8431463452325761 0.7294853963838664 0.16813475506104156 0.0264255910987481
21 0.8443826301962603 0.8407510431154381 0.16071704527893688 0.023643949930458916
20 0.36964920414155455 0.8157162726008346 0.21016844382630193 0.07927677329624473
20 0.37088548910523866 0.9172461752433937 0.21264101375367017 0.054242002781641076
20 0.8456189151599444 0.9172461752433935 0.21758615360840663 0.057023643949930404
3 0.26209241230103525 0.2573018080667593 0.06923195796631099 0.03894297635605009
