8 0.890125173852573 0.03268428372739916 0.1928604543347241 0.048678720445062586
10 0.9309225776541491 0.03129346314325452 0.09643022716736226 0.054242002781641166
25 0.4994591253283881 0.6244784422809458 0.9989182506567762 0.05285118219749656
17 0.2596198423736671 0.7051460361613351 0.4648431463452325 0.10013908205841446
17 0.7392984082831091 0.7058414464534075 0.46484314634523244 0.09596662030598054
17 0.26209241230103536 0.8143254520166898 0.4648431463452325 0.09596662030598054
17 0.7392984082831091 0.8122392211404729 0.4747334260547055 0.09735744089012513
17 0.2596198423736671 0.9082058414464536 0.46978828619996904 0.07232267037552148
17 0.7368258383557409 0.9095966620305981 0.459898006490496 0.07232267037552148
18 0.3671766342141863 0.7072322670375522 0.220058723535775 0.07927677329624473
18 0.8468552001236285 0.7058414464534075 0.2200587235357749 0.07649513212795554
18 0.36841291917787045 0.8171070931849792 0.22747643331787973 0.07649513212795554
18 0.8480914850873126 0.8164116828929068 0.22253129346314324 0.07510431154381095
18 0.37088548910523866 0.9158553546592489 0.21758615360840672 0.059805285118219725
18 0.8505640550146807 0.9151599443671766 0.2175861536084068 0.06119610570236431
19 0.114974501622624 0.7072322670375522 0.15577190542420027 0.03477051460361622
19 0.5822902178952247 0.7044506258692629 0.14588162571472715 0.05702364394993054
19 0.1359913460052542 0.8143254520166897 0.19780559418946064 0.04033379694019473
19 0.5971256374594343 0.8150208623087621 0.18544274455261928 0.05563282336578581
19 0.1112656467315716 0.9228094575799721 0.153299335496832 0.04867872044506271
19 0.6020707773141709 0.9207232267037552 0.1804976046978829 0.03616133518776081
23 0.36841291917787045 0.6884561891515995 0.13846391593262244 0.03894297635605
23 0.8443826301962603 0.6933240611961057 0.17555246484314624 0.03477051460361622
23 0.36594034925050223 0.7983310152990264 0.15824447535156858 0.03616133518776081
23 0.8456189151599444 0.8052851182197497 0.143409055787359 0.03616133518776067
23 0.3585226394683974 0.9102920723226703 0.1236284963684129 0.023643949930459058
23 0.8456189151599444 0.9075104311543811 0.143409055787359 0.02920723226703757
21 0.3597589244320815 0.7280945757997217 0.09643022716736209 0.02920723226703757
21 0.8468552001236282 0.7322670375521557 0.07170452789367943 0.026425591098748244
21 0.3609952093957656 0.837969401947149 0.08901251738525726 0.026425591098748244
21 0.8431463452325761 0.8372739916550764 0.0741770978210478 0.03059805285118216
