3 0.4079740380157626 0.3720445062586926 0.0741770978210478 0.048678720445062565
8 0.8876526039252047 0.034075104311543813 0.19780559418946056 0.05424200278164117
25 0.5 0.6258692628650904 1.0 0.047287899860918046
17 0.2546747025189306 0.7037552155771906 0.459898006490496 0.09735744089012513
17 0.7343532684283727 0.7037552155771906 0.46484314634523244 0.09735744089012513
17 0.258383557409983 0.8122392211404729 0.4673157162726008 0.09457579972183597
17 0.7405346932467932 0.8122392211404729 0.46237057641786417 0.09457579972183597
17 0.26332869726471947 0.909596662030598 0.4623705764178643 0.0695410292072323
17 0.7355895533920568 0.9082058414464536 0.4623705764178643 0.0695410292072323
18 0.36717663421418634 0.7072322670375522 0.2101684438263019 0.06815020862308757
18 0.8518003399783649 0.7079276773296245 0.21016844382630195 0.07232267037552162
18 0.36841291917787045 0.8157162726008345 0.20769587389893368 0.07093184979137704
18 0.8480914850873126 0.8157162726008345 0.21758615360840663 0.07371349095966621
18 0.36841291917787045 0.9151599443671766 0.2126410137536702 0.055632823365785955
18 0.8505640550146807 0.9179415855354659 0.2175861536084068 0.05563282336578568
19 0.11002936176788747 0.704450625869263 0.15577190542420025 0.034770514603616076
19 0.5884716427136455 0.7065368567454797 0.14340905578735894 0.05285118219749663
19 0.13970020089630658 0.8164116828929068 0.20027816411682892 0.03616133518776081
19 0.603307062277855 0.8157162726008346 0.17802503477051468 0.05424200278164122
19 0.12115592644104463 0.9248956884561892 0.16813475506104156 0.05006954102920716
19 0.5995982073868025 0.9221140472878999 0.17060732498840983 0.03616133518776081
23 0.36717663421418634 0.6912378303198886 0.1755524648431463 0.02503477051460365
23 0.8431463452325761 0.6898470097357441 0.20769587389893374 0.03616133518776081
23 0.3659403492505022 0.8011126564673157 0.16318961520630507 0.027816411682892835
23 0.8406737753052077 0.8004172461752433 0.1483541956420956 0.02920723226703757
23 0.3572863545047133 0.9082058414464536 0.13104620615051768 0.030598052851182302
23 0.841910060268892 0.911682892906815 0.14093648585999077 0.026425591098748383
21 0.36223149435944985 0.7273991655076495 0.16071704527893677 0.03059805285118216
21 0.8419100602688918 0.7294853963838664 0.15577190542420027 0.031988873435326894
21 0.8394374903415236 0.8386648122392211 0.1508267655694638 0.02503477051460365
20 0.3659403492505022 0.8115438108484005 0.2126410137536702 0.08205841446453405
20 0.36470406428681806 0.9165507649513213 0.220058723535775 0.05841446453407514
20 0.8480914850873126 0.9158553546592489 0.2126410137536702 0.05702364394993054
