8 0.8888888888888888 0.03268428372739916 0.18049760469788295 0.054242002781641166
5 0.2818729717199815 0.7607788595271211 0.4153917477978674 0.07788595271210014
4 0.7207541338278471 0.7614742698191932 0.4129191778704992 0.07927677329624473
17 0.2574742238416534 0.8362107610432302 0.4577319534962725 0.04827641697030998
17 0.7387058088790291 0.8379349187921697 0.4556885072753071 0.047126978471016795
17 0.2584959469521361 0.9094357406406965 0.45568850727530685 0.07058701824159005
17 0.7397275319895116 0.9075908918493317 0.4536450610543413 0.06689732065885767
18 0.37292893532620425 0.833911884044644 0.21456185320137786 0.03908090897596523
18 0.8418998430377869 0.8340613110495524 0.20025772965461935 0.04397751698295337
18 0.3678203197737907 0.9136714215105919 0.20434462209655047 0.05377073299693188
18 0.8521170741426148 0.915062242094737 0.21251840698041224 0.04965574316946166
19 0.603307062277855 0.8282336578581364 0.17307989491577794 0.02920723226703757
19 0.11250193169525574 0.9228094575799721 0.16566218513367328 0.054242002781641076
19 0.5971256374594343 0.9242002781641169 0.17060732498840983 0.03477051460361622
23 0.8480914850873126 0.9075104311543811 0.18297017462525106 0.031988873435326894
23 0.36223149435944973 0.9082058414464536 0.15082676556946376 0.03616133518776067
21 0.8431463452325761 0.8386648122392211 0.173079894915778 0.03337969401947149
20 0.37212177406892283 0.8372739916550764 0.22994900324524803 0.041724617524339466
20 0.3659403492505022 0.9151599443671766 0.19780559418946064 0.04728789986091783
20 0.8480914850873126 0.9165507649513214 0.21758615360840663 0.05285118219749649
25 0.9729562664194096 0.6237830319888734 0.046978828619996874 0.048678720445062565
25 0.02472569927368258 0.6265646731571627 0.04945139854736516 0.048678720445062634
