8 0.8852871656417847 0.03169391304254532 0.18352848291397095 0.039362430572509766
7 0.938340287436254 0.030598052851182195 0.10137536702209857 0.04450625869262865
1 0.5056405501468088 0.22948539638386647 0.8184206459588934 0.23922114047287898
15 0.5044042651831246 0.42350486787204455 0.8159480760315252 0.13769123783031995
13 0.5756963161658435 0.1937880977209357 0.4278164689713526 0.03710229814088903
13 0.5777552634130543 0.2948539638386645 0.5834921297829953 0.04728789986091792
13 0.5427016005966018 0.4450638759166328 0.5809989360100789 0.05099245811748097
12 0.498222840364704 0.19401947148817805 0.7986400865399473 0.09040333796940192
12 0.49945912532838804 0.29276773296244785 0.806057796322052 0.09596662030598051
11 0.5068768351104929 0.029207232267037555 0.37583062895997515 0.033379694019471495
14 0.5000514880032952 0.48887859128822986 0.8649984553599012 0.8795180722891567
