6 0.07084749253423953 0.4610750695088045 0.09885696632684585 0.07506950880444854
2 0.500875296056019 0.6019462465245599 0.3624755431984349 0.08063021316033378
8 0.8913603130470601 0.03382761816496756 0.19112346823190193 0.05468025949953661
7 0.9416126042632067 0.03614457831325301 0.10379981464318803 0.05375347544022242
16 0.839460405725466 0.03429101019462465 0.1005045824322933 0.05375347544022243
17 0.2586757285552466 0.716404077849861 0.45803727731438576 0.07784986098239116
17 0.7414272474513439 0.7159406858202039 0.45803727731438576 0.07692307692307679
17 0.26197096076614146 0.814179796107507 0.4547420451034909 0.09731232622798885
17 0.7397796313458963 0.8123262279888785 0.4679229739470702 0.09916589434661717
17 0.2627947688188652 0.9077849860982391 0.45968489341983315 0.07136237256719198
17 0.7414272474513439 0.9101019462465245 0.4613325095252805 0.07599629286376271
18 0.3698898156729482 0.71177015755329 0.2158377098136134 0.07043558850787761
18 0.8485222943054268 0.7126969416126043 0.21089486149727107 0.06487488415199252
18 0.3698898156729482 0.8132530120481928 0.20924724539182368 0.08063021316033357
18 0.8468746781999793 0.8137164040778498 0.2141900937081659 0.07784986098239116
18 0.37071362372567196 0.9161260426320668 0.2108948614972711 0.05097312326227978
18 0.8485222943054268 0.9165894346617239 0.2174853259190608 0.059314179796107425
19 0.11945216764493871 0.7094531974050047 0.16311399443929564 0.043558850787766515
19 0.5873751415920091 0.7094531974050046 0.1268664401194522 0.04911955514365147
19 0.11533312738132015 0.8169601482854495 0.14828544949026878 0.05282669138090838
19 0.5890227576974565 0.8169601482854495 0.14334260117392644 0.058387395736793336
19 0.10215219853774071 0.922613531047266 0.11862835959221503 0.03243744207599633
19 0.6087941509628257 0.922150139017609 0.18618061991555976 0.050046339202965695
23 0.3649469673566059 0.6936978683966635 0.12357120790855732 0.030583873957368012
23 0.8468746781999801 0.6923076923076921 0.09556173411595091 0.029657089898054018
23 0.3731850478838431 0.8021316033364226 0.1664092266501905 0.03614457831325296
23 0.8526413345690455 0.8021316033364226 0.14004736896303158 0.030583873957368012
23 0.3748326639892905 0.9105653382761817 0.15322829780661107 0.03614457831325296
23 0.8518175265163217 0.9091751621872103 0.2075996292863762 0.04077849860982397
21 0.3690660076202245 0.7307692307692306 0.09885696632684589 0.034291010194624647
20 0.8493461023581506 0.7122335495829472 0.20924724539182363 0.06394810009267843
20 0.37153743177839565 0.8132530120481928 0.21254247760271855 0.0787766450417054
20 0.8444032540418083 0.8132530120481928 0.2158377098136134 0.08063021316033357
20 0.37153743177839565 0.9165894346617239 0.21254247760271855 0.050046339202965695
