3 0.3498686447226085 0.1446453407510431 0.0914850873126256 0.04450625869262863
25 0.4994591253283881 0.6258692628650904 0.9989182506567762 0.05006954102920723
8 0.8876526039252047 0.03407510431154381 0.1829701746252512 0.05146036161335187
17 0.2559109874826147 0.7058414464534075 0.4574254365631277 0.09596662030598054
17 0.738062123319425 0.7037552155771906 0.4574254365631277 0.09735744089012513
17 0.26209241230103536 0.8184979137691237 0.4648431463452325 0.09874826147426972
17 0.738062123319425 0.8150208623087621 0.4574254365631277 0.0945757997218358
17 0.2620924123010353 0.9137691237830319 0.459898006490496 0.07232267037552148
17 0.738062123319425 0.9089012517385257 0.4623705764178643 0.07093184979137689
18 0.3659403492505022 0.7086230876216968 0.2126410137536702 0.07371349095966621
18 0.8480914850873122 0.7065368567454798 0.2126410137536702 0.07510431154381081
18 0.36470406428681806 0.8157162726008346 0.21511358368103844 0.07649513212795554
18 0.8468552001236285 0.8136300417246176 0.21511358368103842 0.07510431154381081
18 0.37212177406892283 0.9151599443671766 0.22500386339051148 0.05841446453407513
18 0.8493277700509964 0.9158553546592489 0.21511358368103842 0.057023643949930536
19 0.10384793694946684 0.7065368567454798 0.13846391593262244 0.03894297635605
19 0.5798176479678565 0.7065368567454797 0.1310462061505178 0.05285118219749663
19 0.1359913460052542 0.8150208623087621 0.19286045433472412 0.03059805285118216
19 0.6094884870962756 0.8164116828929068 0.18049760469788295 0.05006954102920716
19 0.11250193169525576 0.9228094575799721 0.1607170452789368 0.04867872044506271
19 0.6020707773141709 0.9207232267037552 0.1804976046978829 0.03616133518776081
23 0.36717663421418634 0.6912378303198886 0.1607170452789368 0.02503477051460365
23 0.8480914850873126 0.6926286509040334 0.1978055941894607 0.03059805285118216
23 0.3659403492505022 0.8018080667593881 0.16318961520630507 0.026425591098748244
23 0.8443826301962603 0.8011126564673157 0.15082676556946367 0.03059805285118216
23 0.36594034925050223 0.9109874826147427 0.13846391593262247 0.02503477051460379
23 0.8419100602688918 0.9095966620305981 0.15577190542420027 0.03059805285118216
21 0.36594034925050223 0.7308762169680111 0.14835419564209548 0.03477051460361622
21 0.845618915159944 0.7315716272600831 0.16318961520630493 0.02503477051460295
21 0.8406737753052077 0.8358831710709319 0.15329933549683206 0.02503477051460365
20 0.36346777932313395 0.8178025034770513 0.21264101375367023 0.0695410292072323
20 0.37088548910523866 0.9158553546592489 0.22253129346314324 0.05702364394993054
20 0.8505640550146808 0.9144645340751043 0.2175861536084068 0.05702364394993054
