2 0.4994591253283881 0.6015299026425591 0.37088548910523866 0.07927677329624473
8 0.8851800339978364 0.03268428372739917 0.1978055941894607 0.045897079276773306
6 0.07046824292999535 0.4617524339360222 0.11621078658630811 0.07788595271210014
25 0.06675938803894295 0.6244784422809458 0.12362849636841287 0.0472878998609179
25 0.9364085921804975 0.6251738525730182 0.1271828156390049 0.054242002781641145
17 0.2608561273373512 0.7079276773296246 0.47226085612733726 0.10292072322670381
17 0.7430072631741612 0.7051460361613354 0.45742543656312745 0.09735744089012531
17 0.258383557409983 0.8184979137691237 0.4673157162726008 0.09874826147426972
17 0.738062123319425 0.8164116828929068 0.4623705764178643 0.10013908205841446
17 0.25961984237366714 0.9151599443671766 0.45989800649049606 0.07510431154381081
17 0.7392984082831091 0.9144645340751043 0.4598980064904959 0.0764951321279554
18 0.3721217740689229 0.713490959666203 0.23489414309998455 0.07510431154381095
18 0.8406737753052076 0.7051460361613351 0.2324215731726163 0.08066759388038931
18 0.3721217740689229 0.819193324061196 0.21511358368103844 0.08066759388038947
18 0.8456189151599441 0.8184979137691237 0.22253129346314307 0.07927677329624487
18 0.36717663421418634 0.9207232267037552 0.2052233039715654 0.06675938803894298
18 0.8468552001236285 0.9193324061196105 0.21511358368103842 0.06675938803894298
19 0.10508422191315095 0.7058414464534075 0.1458816257147272 0.037552155771905404
19 0.1359913460052542 0.8157162726008345 0.2076958738989337 0.04033379694019459
19 0.12239221140472878 0.9255910987482614 0.1706073249884098 0.048678720445062565
19 0.5884716427136455 0.7051460361613351 0.14340905578735894 0.05285118219749649
19 0.6057796322052232 0.8171070931849792 0.18297017462525111 0.057023643949930404
19 0.6082522021325915 0.9242002781641169 0.19780559418946062 0.037552155771905404
23 0.36594034925050223 0.6891515994436718 0.15329933549683197 0.02920723226703757
23 0.8394374903415236 0.6905424200278163 0.21511358368103856 0.02920723226703757
23 0.36470406428681806 0.8004172461752433 0.16071704527893682 0.02920723226703757
23 0.8394374903415236 0.8011126564673157 0.14588162571472738 0.03059805285118216
23 0.3609952093957656 0.9109874826147426 0.1285736362231494 0.027816411682892866
23 0.8443826301962603 0.9102920723226704 0.15082676556946367 0.031988873435326755
21 0.3758306289599752 0.7315716272600834 0.1582444753515685 0.03616133518776081
21 0.8431463452325761 0.7301808066759389 0.143409055787359 0.027816411682892835
21 0.8456189151599444 0.837969401947149 0.1631896152063051 0.026425591098748244
20 0.36717663421418634 0.8205841446453408 0.2250038633905115 0.0834492350486788
