8 0.8888888888888888 0.030598052851182195 0.19038788440735588 0.04728789986091794
7 0.9284500077267809 0.02920723226703755 0.09643022716736198 0.05006954102920723
6 0.1298099211868335 0.4603616133518775 0.2398392829547209 0.0778859527121001
24 0.5 0.6216968011126565 1.0 0.05006954102920723
17 0.2559109874826147 0.7030598052851182 0.4673157162726008 0.09596662030598054
17 0.7355895533920568 0.7030598052851181 0.45248029670839124 0.09318497913769122
17 0.258383557409983 0.8122392211404729 0.4673157162726008 0.09457579972183597
17 0.7368258383557409 0.8122392211404729 0.459898006490496 0.09735744089012513
17 0.25961984237366714 0.9089012517385257 0.45989800649049606 0.07093184979137689
17 0.7355895533920568 0.9082058414464533 0.45248029670839124 0.07510431154381081
18 0.36841291917787045 0.7051460361613351 0.20769587389893368 0.07232267037552148
18 0.8468552001236281 0.7058414464534075 0.21016844382630195 0.07927677329624473
18 0.3659403492505022 0.8164116828929068 0.2126410137536702 0.07510431154381095
18 0.8443826301962599 0.8129346314325452 0.20522330397156552 0.07093184979137689
18 0.36470406428681806 0.920027816411683 0.20522330397156538 0.059805285118219594
18 0.8480914850873126 0.9144645340751043 0.21758615360840663 0.059805285118219725
19 0.12239221140472878 0.7044506258692629 0.1706073249884098 0.037552155771905404
19 0.5897079276773295 0.7023643949930459 0.13599134600525417 0.05563282336578581
19 0.11621078658630815 0.8150208623087621 0.15824447535156852 0.05841446453407514
19 0.594653067532066 0.812239221140473 0.1607170452789368 0.05285118219749663
19 0.10137536702209857 0.9228094575799721 0.13351877607788593 0.034770514603616076
19 0.6082522021325915 0.9207232267037553 0.19286045433472418 0.05285118219749649
23 0.36346777932313395 0.6905424200278163 0.09890279709473035 0.02920723226703757
23 0.8382012053778395 0.6884561891515995 0.1087930768042034 0.03337969401947149
23 0.36346777932313395 0.8004172461752432 0.14340905578735896 0.031988873435326894
23 0.8419100602688918 0.8018080667593881 0.12610106629578127 0.03755215577190554
23 0.36346777932313395 0.9089012517385257 0.18297017462525106 0.034770514603616076
23 0.8456189151599444 0.9102920723226704 0.2126410137536702 0.037552155771905404
21 0.36099520939576574 0.7280945757997219 0.08406737753052074 0.031988873435326894
21 0.8406737753052076 0.7308762169680111 0.0840673775305207 0.031988873435326755
21 0.3659403492505022 0.8386648122392211 0.09890279709473031 0.027816411682892835
21 0.8456189151599444 0.8379694019471488 0.1038479369494668 0.02920723226703757
