0 0.5031679802194404 0.4993045897079277 0.8134755061041568 0.6592489568845619
6 0.053547523427041506 0.4633920296570899 0.07414272474513439 0.07414272474513432
8 0.8930079291525075 0.03429101019462465 0.1845330038101123 0.04819277108433735
17 0.25949953660797037 0.9101019462465245 0.46298012563072805 0.07599629286376271
17 0.7422510555040677 0.9110287303058388 0.4662753578416231 0.07228915662650608
18 0.36988981567294815 0.9179796107506951 0.20265678097003395 0.056533827618164875
18 0.8485222943054268 0.9165894346617239 0.21089486149727107 0.055607043558850794
19 0.14251879312120277 0.9249304911955509 0.20924724539182374 0.04819277108433732
19 0.6005560704355885 0.9165894346617233 0.16970445886108534 0.05560704355885045
23 0.36988981567294815 0.911955514365153 0.11368551127587274 0.02965708989805378
23 0.8485222943054268 0.9133456904541242 0.13180928843579437 0.026876737720111236
20 0.8476984862527032 0.9165894346617239 0.21254247760271852 0.05375347544022247
