8 0.8888888888888888 0.03198887343532684 0.20027816411682878 0.05006954102920723
7 0.9321588626178334 0.03129346314325452 0.1038479369494668 0.05146036161335187
27 0.5 0.6216968011126565 1.0 0.05006954102920723
17 0.258383557409983 0.6773296244784422 0.4673157162726008 0.06675938803894298
17 0.7392984082831091 0.6808066759388037 0.45495286663575946 0.06536856745479824
17 0.2596198423736671 0.7774687065368567 0.46978828619996904 0.09457579972183597
17 0.7355895533920568 0.7732962447844227 0.4574254365631278 0.10013908205841446
17 0.25714727244629887 0.8852573018080667 0.459898006490496 0.09874826147426986
17 0.7343532684283726 0.8845618915159943 0.45495286663575946 0.09735744089012527
18 0.3671766342141863 0.6752433936022253 0.21511358368103844 0.0570236439499304
18 0.8480914850873126 0.67663421418637 0.21758615360840663 0.0514603616133519
18 0.3671766342141863 0.7767732962447844 0.2002781641168289 0.07371349095966621
18 0.8456189151599444 0.7746870653685675 0.2027507340441973 0.07510431154381081
18 0.37459434399629093 0.8852573018080666 0.20522330397156507 0.07649513212795553
18 0.8443826301962603 0.8887343532684284 0.21016844382630195 0.07232267037552162
19 0.13722763096893834 0.6710709318497914 0.20522330397156544 0.048678720445062565
19 0.5835265028589088 0.6689847009735743 0.13846391593262247 0.05563282336578581
19 0.14340905578735896 0.7760778859527122 0.21758615360840672 0.05285118219749663
19 0.5971256374594343 0.7767732962447844 0.16071704527893665 0.07371349095966621
19 0.1372276309689383 0.8894297635605006 0.21511358368103844 0.054242002781641076
19 0.603307062277855 0.8859527121001392 0.18791531447998758 0.05563282336578581
23 0.3609952093957656 0.6522948539638387 0.12857363622314943 0.025034770514603722
23 0.8357286354504712 0.6578581363004173 0.06923195796631135 0.02503477051460365
23 0.36964920414155455 0.7614742698191932 0.15082676556946378 0.02920723226703771
23 0.8443826301962603 0.7621696801112656 0.17555246484314624 0.03337969401947149
23 0.3659403492505022 0.8706536856745479 0.14340905578735896 0.025034770514603507
23 0.8493277700509967 0.8734353268428373 0.1508267655694638 0.027816411682892835
21 0.36841291917787045 0.6891515994436719 0.10384793694946684 0.023643949930459058
21 0.8369649204141554 0.6884561891515995 0.08653994745788907 0.027816411682892977
21 0.3671766342141863 0.799721835883171 0.07664966774841603 0.025034770514603507
21 0.8443826301962603 0.7990264255910988 0.09148508731262567 0.020862308762169733
21 0.36964920414155455 0.911682892906815 0.10137536702209854 0.02920723226703757
21 0.8431463452325759 0.9089012517385258 0.0890125173852573 0.02920723226703757
