8 0.8913614588162571 0.03546592489568846 0.18544274455261942 0.048678720445062586
24 0.5012362849636841 0.6237830319888735 0.9975274300726318 0.05146036161335196
17 0.258383557409983 0.7023643949930459 0.4574254365631278 0.09179415855354663
17 0.7430072631741615 0.7058414464534075 0.4722608561273374 0.09596662030598054
17 0.25714727244629887 0.8115438108484005 0.459898006490496 0.09318497913769136
17 0.7405346932467932 0.8115438108484005 0.46237057641786417 0.09040333796940203
17 0.2620924123010353 0.909596662030598 0.45495286663575946 0.0695410292072323
17 0.7380621233194249 0.909596662030598 0.4673157162726006 0.0695410292072323
18 0.37088548910523866 0.7065368567454797 0.21264101375367017 0.07788595271210014
18 0.8456189151599444 0.7051460361613351 0.2126410137536702 0.07788595271210014
18 0.3671766342141863 0.8143254520166898 0.220058723535775 0.0764951321279554
18 0.8505640550146808 0.8129346314325452 0.20769587389893374 0.07649513212795554
18 0.3671766342141863 0.9158553546592489 0.220058723535775 0.059805285118219725
18 0.8493277700509967 0.9137691237830319 0.22500386339051148 0.06397774687065365
19 0.12239221140472877 0.7051460361613351 0.18544274455261933 0.03616133518776067
19 0.5897079276773296 0.7058414464534075 0.15577190542420033 0.06536856745479838
19 0.11744707154999225 0.8171070931849792 0.1755524648431463 0.057023643949930404
19 0.5921804976046978 0.8143254520166898 0.15577190542420033 0.05146036161335189
19 0.10879307680420335 0.9235048678720446 0.13846391593262244 0.03616133518776081
19 0.6094884870962756 0.920027816411683 0.1953330242620924 0.04589707927677338
23 0.3721217740689229 0.6884561891515995 0.10632050687683506 0.03616133518776081
23 0.8431463452325759 0.6933240611961057 0.11373821665893985 0.031988873435326755
23 0.36717663421418634 0.8004172461752432 0.1607170452789368 0.034770514603616076
23 0.8419100602688918 0.8011126564673157 0.13599134600525417 0.03337969401947149
23 0.36223149435944985 0.9082058414464536 0.1706073249884098 0.03337969401947149
23 0.8456189151599444 0.9033379694019472 0.2225312934631431 0.037552155771905404
21 0.3597589244320815 0.7267037552155772 0.09148508731262553 0.03477051460361622
21 0.8468552001236282 0.7301808066759389 0.07170452789367943 0.027816411682892835
21 0.3597589244320815 0.8386648122392211 0.07664966774841603 0.03337969401947149
21 0.8493277700509967 0.8393602225312935 0.11126564673157162 0.02920723226703757
