24 0.5006920695304871 0.6237732768058777 0.9986159801483154 0.049964047968387604
6 0.1342427134513855 0.46024104952812195 0.2299058735370636 0.07843017578125
8 0.8886507153511047 0.03242839500308037 0.18738505244255066 0.05222327634692192
7 0.9313985705375671 0.030733594670891762 0.09068536013364792 0.05117996409535408
17 0.2586757285552466 0.7974976830398518 0.4646277417361755 0.09916589434661731
17 0.7397796313458964 0.798887859128823 0.4646277417361754 0.10194624652455986
17 0.2586757285552466 0.9017608897126971 0.4646277417361755 0.08711770157553289
17 0.738132015240449 0.9012974976830398 0.46792297394707033 0.08804448563484712
18 0.36741839151477707 0.8012048192771084 0.20430439707548143 0.07506950880444847
18 0.8468746781999795 0.8025949953660796 0.2075996292863762 0.07043558850787761
18 0.8509937184635981 0.9082483781278963 0.20595201318092876 0.07228915662650608
18 0.3690660076202245 0.9101019462465245 0.2108948614972711 0.06858202038924929
19 0.11862835959221503 0.8016682113067654 0.16805684275563795 0.04077849860982397
19 0.587375141592009 0.8021316033364226 0.13675213675213677 0.05653382761816502
19 0.11121408711770156 0.9114921223354958 0.13675213675213674 0.04911955514365147
19 0.5947894140665225 0.9091751621872103 0.14499021727937397 0.055607043558850794
23 0.3657707754093296 0.7873030583873958 0.12851405622489956 0.030583873957368012
23 0.8493461023581506 0.7891566265060241 0.11368551127587281 0.025023169601482778
23 0.36824219956750076 0.8962001853568118 0.14663783338482134 0.02594995366079701
23 0.8435794459890846 0.8971269694161259 0.13839975285758427 0.02965708989805378
21 0.367418391514777 0.8253012048192772 0.10215219853774082 0.025023169601482334
21 0.8493461023581506 0.9309545875810937 0.07743795695602927 0.028730305838739555
20 0.8476984862527033 0.79935125115848 0.19936154875913914 0.07506950880444861
20 0.36741839151477707 0.9077849860982391 0.21089486149727107 0.06950880444856353
