13 0.6079481244087219 0.7205743789672852 0.18717974424362183 0.05166683346033096
13 0.13118386268615723 0.8331192135810852 0.19691582024097443 0.053520966321229935
13 0.13776107132434845 0.7221665382385254 0.21376754343509674 0.056199073791503906
13 0.6108085513114929 0.8335415720939636 0.19575263559818268 0.05659923702478409
12 0.8463491797447205 0.8307434320449829 0.21277567744255066 0.07674713432788849
5 0.07168882340192795 0.4609060287475586 0.11246281117200851 0.07679577171802521
11 0.2606363296508789 0.8301149606704712 0.4650130867958069 0.09838328510522842
11 0.7384213209152222 0.8284199833869934 0.4672293961048126 0.0935085341334343
12 0.8448983430862427 0.7204102873802185 0.21643812954425812 0.07740344852209091
7 0.8879016637802124 0.03362291306257248 0.18704834580421448 0.04554302245378494
17 0.8413907289505005 0.8165691494941711 0.14201202988624573 0.027935409918427467
11 0.25359365344047546 0.9189144372940063 0.4497130513191223 0.05964622646570206
1 0.5000773072242737 0.6008045077323914 0.3705761432647705 0.08055438846349716
12 0.37206971645355225 0.7206403017044067 0.22193942964076996 0.08216018974781036
12 0.37000712752342224 0.8319599032402039 0.22008438408374786 0.08221697807312012
11 0.25761938095092773 0.718223512172699 0.4731143116950989 0.10748119652271271
11 0.7418897747993469 0.7183471918106079 0.46028783917427063 0.10189876705408096
15 0.8432428240776062 0.8545441031455994 0.13928376138210297 0.026832962408661842
15 0.36426740884780884 0.8538114428520203 0.1431550830602646 0.027305031195282936
17 0.36250585317611694 0.8156870007514954 0.16873711347579956 0.02805633656680584
13 0.1265113204717636 0.9290882349014282 0.1758441925048828 0.031241226941347122
12 0.36690983176231384 0.9236642718315125 0.2120296061038971 0.05217437818646431
17 0.8451802134513855 0.7070071697235107 0.1522516906261444 0.030366992577910423
6 0.9312295317649841 0.030917538329958916 0.09308472275733948 0.04924971982836723
11 0.7380084991455078 0.9138719439506531 0.47302451729774475 0.06033210828900337
17 0.3676547110080719 0.7051301002502441 0.16379514336585999 0.031110763549804688
14 0.37220239639282227 0.7218999266624451 0.2242313027381897 0.079633429646492
17 0.3639327585697174 0.9248430132865906 0.16673338413238525 0.03104400634765625
14 0.8438898921012878 0.7212899327278137 0.21960584819316864 0.08205213397741318
19 0.06979753822088242 0.6285321712493896 0.12928755581378937 0.055838681757450104
19 0.936686635017395 0.630514919757843 0.12662675976753235 0.05574626848101616
