11 0.7369585633277893 0.9092453122138977 0.4588099420070648 0.07082977145910263
13 0.6068467497825623 0.8154488801956177 0.18852920830249786 0.05626411363482475
11 0.25520697236061096 0.9098299145698547 0.45534202456474304 0.0707630142569542
12 0.8474092483520508 0.7069448232650757 0.21727515757083893 0.07483396679162979
13 0.11758221685886383 0.9225017428398132 0.1702728271484375 0.05215949937701225
17 0.3678291440010071 0.8009664416313171 0.16848447918891907 0.028385354205965996
19 0.49725842475891113 0.6261931657791138 0.9945168495178223 0.05164623260498047
12 0.8477311134338379 0.9158795475959778 0.21509383618831635 0.05728016048669815
13 0.11441650986671448 0.7052053809165955 0.15639454126358032 0.037382032722234726
12 0.8470069169998169 0.8154181838035583 0.21560482680797577 0.07527675479650497
12 0.36904534697532654 0.7086908221244812 0.21793383359909058 0.07357406616210938
11 0.7391421794891357 0.7032747864723206 0.46118199825286865 0.09560318291187286
12 0.3692949116230011 0.8160392642021179 0.212868332862854 0.07106099277734756
13 0.14034411311149597 0.8176540732383728 0.19879010319709778 0.03976864740252495
14 0.3681352138519287 0.8155021071434021 0.22018347680568695 0.07789649814367294
13 0.6038750410079956 0.9207127690315247 0.1824052631855011 0.03953991085290909
15 0.37010127305984497 0.7285915017127991 0.16965696215629578 0.023991776630282402
12 0.36719805002212524 0.9152483344078064 0.21269956231117249 0.05678367614746094
13 0.5864127278327942 0.7057632803916931 0.14134818315505981 0.052083589136600494
17 0.3651040494441986 0.6918459534645081 0.15860334038734436 0.028757382184267044
17 0.8464860916137695 0.6927491426467896 0.20028550922870636 0.03136634826660156
5 0.13260167837142944 0.46026259660720825 0.22829048335552216 0.07549705356359482
6 0.9317774772644043 0.030850067734718323 0.09192030131816864 0.05081295594573021
14 0.8476158976554871 0.9151906371116638 0.21937765181064606 0.05822334438562393
17 0.8444067239761353 0.9091257452964783 0.16088494658470154 0.031252671033144
11 0.7377736568450928 0.8113264441490173 0.4590986967086792 0.09566464275121689
17 0.3618827760219574 0.9101919531822205 0.13659507036209106 0.028387069702148438
11 0.2595031261444092 0.8114801645278931 0.46054399013519287 0.09456367790699005
14 0.3649880290031433 0.9151342511177063 0.21662870049476624 0.05766906961798668
11 0.25834184885025024 0.7035053372383118 0.4572180211544037 0.09661474078893661
7 0.8886144161224365 0.03254834562540054 0.18786434829235077 0.05142641067504883
17 0.8425582051277161 0.8005867004394531 0.1375710368156433 0.03074798546731472
15 0.8418076634407043 0.7297487258911133 0.11299320310354233 0.02830219268798828
15 0.8423827290534973 0.8383873105049133 0.11367781460285187 0.02666797675192356
