11 0.7365734577178955 0.9090232253074646 0.46091246604919434 0.07001037895679474
11 0.25518888235092163 0.9099273681640625 0.454347163438797 0.07029342651367188
17 0.3672719895839691 0.8010038733482361 0.1698388010263443 0.028095055371522903
13 0.6081027984619141 0.816047191619873 0.19196583330631256 0.05518779903650284
19 0.5018039345741272 0.6261712312698364 0.991657555103302 0.050913240760564804
12 0.369780957698822 0.7075368762016296 0.21322301030158997 0.07388477772474289
13 0.1397269368171692 0.8164634108543396 0.20264239609241486 0.03750457987189293
13 0.11796419322490692 0.9225780367851257 0.17070859670639038 0.050676729530096054
12 0.848234236240387 0.916085422039032 0.21579590439796448 0.057004164904356
12 0.8484273552894592 0.7078503966331482 0.21311646699905396 0.07282008975744247
13 0.11323472112417221 0.7059451341629028 0.15361733734607697 0.035741616040468216
12 0.3693878650665283 0.8159950375556946 0.2131737619638443 0.07102809101343155
12 0.848578929901123 0.817114531993866 0.2173411101102829 0.0757455825805664
13 0.5868105888366699 0.7060468196868896 0.14110615849494934 0.052244093269109726
12 0.3656197190284729 0.9154050946235657 0.21274304389953613 0.05629577860236168
17 0.84486323595047 0.692635178565979 0.18489345908164978 0.027382278814911842
14 0.8479275107383728 0.9155246615409851 0.22003987431526184 0.05769748613238335
14 0.36772918701171875 0.8150182962417603 0.21920131146907806 0.0789375826716423
17 0.3621848225593567 0.9103403091430664 0.1387016922235489 0.028400039300322533
13 0.603584885597229 0.9217994809150696 0.18386587500572205 0.03599357604980469
17 0.8444849848747253 0.9089838266372681 0.1606394499540329 0.031068801879882812
11 0.2599819004535675 0.8111700415611267 0.4608679711818695 0.09466248005628586
14 0.3649604022502899 0.9154300689697266 0.21565349400043488 0.05724067613482475
11 0.2566928267478943 0.7018393874168396 0.46582308411598206 0.09482240676879883
11 0.7388539910316467 0.7027565240859985 0.4598970413208008 0.09540911018848419
15 0.3701239824295044 0.7285796999931335 0.164903923869133 0.023036671802401543
11 0.7394005656242371 0.8119096755981445 0.4590264856815338 0.09660797566175461
17 0.3659723699092865 0.6916084885597229 0.16844448447227478 0.02797832526266575
15 0.8442692160606384 0.7289438843727112 0.13833041489124298 0.024174882099032402
17 0.8421821594238281 0.8010582327842712 0.1466483324766159 0.028918027877807617
6 0.9314674735069275 0.031203821301460266 0.09288398176431656 0.05046972632408142
15 0.8445116281509399 0.8383063673973083 0.14712218940258026 0.025118255987763405
7 0.8895584344863892 0.03253994509577751 0.18642476201057434 0.05043083429336548
