11 0.7360048890113831 0.9089956283569336 0.4605124592781067 0.07009925693273544
19 0.498035192489624 0.6261340379714966 0.9949758052825928 0.05009899288415909
13 0.6052497029304504 0.8163313269615173 0.18539097905158997 0.05348696932196617
11 0.2564641237258911 0.9099418520927429 0.4559048116207123 0.07024192810058594
13 0.13903725147247314 0.8156669735908508 0.2018476128578186 0.03572044521570206
12 0.369353324174881 0.8160912394523621 0.2152472883462906 0.07191524654626846
17 0.3679252564907074 0.8011770248413086 0.16767586767673492 0.02779216878116131
11 0.7396367788314819 0.7033077478408813 0.4624803960323334 0.09547233581542969
12 0.36930420994758606 0.7072516679763794 0.21421746909618378 0.07549524307250977
12 0.8465700149536133 0.7057123184204102 0.21620076894760132 0.07470188289880753
12 0.847733736038208 0.8156985640525818 0.21659986674785614 0.07335224002599716
13 0.11745022237300873 0.922651469707489 0.1681051254272461 0.04924888536334038
12 0.847876787185669 0.9157993197441101 0.21496514976024628 0.05680236965417862
13 0.11290214955806732 0.7063043713569641 0.15318012237548828 0.0354955680668354
12 0.36659038066864014 0.9155145883560181 0.21433597803115845 0.056772615760564804
13 0.584531843662262 0.7056804299354553 0.1383119374513626 0.052826788276433945
14 0.3682481348514557 0.8149427771568298 0.21895413100719452 0.07939610630273819
6 0.9318456053733826 0.03110426664352417 0.09105055034160614 0.05054435878992081
17 0.3634037673473358 0.9109665751457214 0.1379215121269226 0.027622222900390625
14 0.8476740717887878 0.9154540300369263 0.21821662783622742 0.05694637447595596
13 0.6036716103553772 0.9222198724746704 0.18340030312538147 0.03456840664148331
11 0.257343053817749 0.7022802829742432 0.4659622013568878 0.09619970619678497
17 0.8426337838172913 0.8013134002685547 0.14021675288677216 0.03075404278934002
14 0.3656333088874817 0.9156249165534973 0.2159264236688614 0.05688762664794922
17 0.8475064635276794 0.6928461790084839 0.20195262134075165 0.02978353574872017
11 0.26041361689567566 0.8118419647216797 0.4608396887779236 0.09520969539880753
11 0.7389938831329346 0.8116337060928345 0.4611431658267975 0.09545440971851349
17 0.8439558148384094 0.9094213843345642 0.15894809365272522 0.031017303466796875
17 0.3657369017601013 0.6909961104393005 0.15990060567855835 0.028920555487275124
7 0.888918399810791 0.03270407393574715 0.1845703125 0.050660599023103714
15 0.3674125671386719 0.7292985320091248 0.1567632257938385 0.023481179028749466
15 0.8468950986862183 0.7305771112442017 0.13143005967140198 0.025716304779052734
15 0.8442423939704895 0.8385609984397888 0.13387620449066162 0.02575531043112278
