11 0.7351130247116089 0.909723699092865 0.46656596660614014 0.0714290663599968
13 0.607369601726532 0.9204608798027039 0.19542482495307922 0.048950958997011185
11 0.2572154104709625 0.7024031281471252 0.45580318570137024 0.0962839126586914
17 0.36742258071899414 0.8007511496543884 0.17601361870765686 0.029560280963778496
13 0.108034648001194 0.9237117767333984 0.1469898223876953 0.03618049621582031
12 0.8465589284896851 0.8149036765098572 0.20981700718402863 0.07091980427503586
13 0.12763865292072296 0.7054281234741211 0.18940679728984833 0.03692817687988281
11 0.7368998527526855 0.7027681469917297 0.46294015645980835 0.09593486785888672
13 0.5925442576408386 0.7038513422012329 0.1559460163116455 0.05609321594238281
12 0.3705970346927643 0.7061232924461365 0.21468617022037506 0.07489395141601562
12 0.3690200746059418 0.8156583905220032 0.2141343653202057 0.0710592269897461
11 0.254861444234848 0.9094152450561523 0.45030081272125244 0.0693737044930458
13 0.5970388054847717 0.8134731650352478 0.1694861501455307 0.05589022859930992
18 0.5006920695304871 0.6237732768058777 0.9986159801483154 0.049964047968387604
12 0.365287184715271 0.915652871131897 0.2152034342288971 0.05781059339642525
13 0.12103227525949478 0.8168178796768188 0.17221523821353912 0.05869617685675621
15 0.3701188862323761 0.7287888526916504 0.16978447139263153 0.022683238610625267
17 0.8523253202438354 0.9071739315986633 0.20193041861057281 0.03529396280646324
12 0.8489851355552673 0.9144479036331177 0.22095100581645966 0.05939598008990288
5 0.1342427134513855 0.46024104952812195 0.2299058735370636 0.07843017578125
12 0.8460203409194946 0.7049784064292908 0.20997552573680878 0.07436275482177734
11 0.259630024433136 0.810350239276886 0.4644864797592163 0.09629650413990021
11 0.7394505739212036 0.8107081651687622 0.4639909267425537 0.09526252746582031
7 0.8886507153511047 0.03242839500308037 0.18738505244255066 0.05222327634692192
17 0.3625010550022125 0.9096856117248535 0.16394874453544617 0.029702378436923027
17 0.8419607281684875 0.8016026616096497 0.1542821228504181 0.029766274616122246
17 0.3693876564502716 0.6916738748550415 0.15816472470760345 0.03132829815149307
6 0.9313985705375671 0.030733594670891762 0.09068536013364792 0.05117996409535408
14 0.36828088760375977 0.8154983520507812 0.22440466284751892 0.07810783386230469
14 0.8466895222663879 0.8151962161064148 0.21655884385108948 0.07759781181812286
17 0.8405171036720276 0.691798985004425 0.12105594575405121 0.03005352057516575
14 0.36443930864334106 0.9133235812187195 0.21697328984737396 0.06124229356646538
14 0.8476291298866272 0.9125154614448547 0.2233700305223465 0.06368465721607208
14 0.844092845916748 0.7062901854515076 0.2079976499080658 0.07623577117919922
