11 0.2564636170864105 0.9126224517822266 0.45754939317703247 0.06991004943847656
12 0.370210736989975 0.8201476335525513 0.21476660668849945 0.07576026767492294
11 0.7343287467956543 0.9131137132644653 0.46245118975639343 0.06941451877355576
13 0.6004085540771484 0.7105790376663208 0.1745017170906067 0.07655849307775497
21 0.5 0.6267881393432617 1.0 0.056699465960264206
13 0.6071024537086487 0.8192365765571594 0.1866006702184677 0.050751496106386185
13 0.13939526677131653 0.7106801867485046 0.21684019267559052 0.05272502824664116
12 0.8469836711883545 0.8199524283409119 0.21554939448833466 0.07377853244543076
12 0.3697063624858856 0.7094925045967102 0.21238377690315247 0.07278271019458771
12 0.3687248229980469 0.9172508120536804 0.21790753304958344 0.058652114123106
12 0.8472492098808289 0.709405243396759 0.21510756015777588 0.07293510437011719
13 0.13637515902519226 0.8202256560325623 0.21080979704856873 0.053763389587402344
12 0.8479548096656799 0.9170164465904236 0.2141554206609726 0.05796013027429581
14 0.368913859128952 0.8177629709243774 0.21608488261699677 0.08160090446472168
17 0.3661252558231354 0.8050951361656189 0.16300472617149353 0.027020836248993874
7 0.889105498790741 0.03330567851662636 0.18766632676124573 0.048808950930833817
11 0.7404190301895142 0.8174228072166443 0.46179354190826416 0.09648342430591583
17 0.8430371880531311 0.6968953013420105 0.16794434189796448 0.029764747247099876
17 0.8452679514884949 0.8057070970535278 0.15446963906288147 0.029626846313476562
13 0.6075993180274963 0.9263044595718384 0.19250556826591492 0.04680938646197319
13 0.12794944643974304 0.9252113699913025 0.1927890181541443 0.04546165466308594
11 0.2584020793437958 0.8176628947257996 0.4630822241306305 0.0979209914803505
14 0.36779746413230896 0.7088940143585205 0.21367883682250977 0.07810726016759872
11 0.7392271161079407 0.7084682583808899 0.46735361218452454 0.0966428741812706
17 0.36731407046318054 0.6951023936271667 0.1652756631374359 0.02797412872314453
17 0.8449322581291199 0.9139335751533508 0.14326205849647522 0.0298309326171875
11 0.25757384300231934 0.706643283367157 0.46723341941833496 0.09594011306762695
6 0.931392252445221 0.03063618578016758 0.09133707731962204 0.05122452974319458
14 0.8445468544960022 0.819233238697052 0.21275092661380768 0.07961177825927734
17 0.36665239930152893 0.9129970669746399 0.17426970601081848 0.03160858154296875
14 0.8445937633514404 0.7096651792526245 0.21197086572647095 0.07932787388563156
