11 0.7365627288818359 0.9092708826065063 0.4586836099624634 0.07025700062513351
13 0.6070889234542847 0.8154902458190918 0.18896052241325378 0.05621757730841637
11 0.25477248430252075 0.909894585609436 0.454514741897583 0.07048797607421875
17 0.36769524216651917 0.8009034991264343 0.1689891368150711 0.028361892327666283
12 0.8480619788169861 0.707020103931427 0.21383565664291382 0.07384319603443146
12 0.36908355355262756 0.7082187533378601 0.21680179238319397 0.07346325367689133
19 0.5001639723777771 0.6263165473937988 0.9946334958076477 0.05219097062945366
13 0.1178925409913063 0.922626793384552 0.17079493403434753 0.051962852478027344
12 0.8475764989852905 0.9159494638442993 0.21487461030483246 0.05699806287884712
13 0.11475527286529541 0.7055474519729614 0.15738385915756226 0.03757515177130699
12 0.36936646699905396 0.8160919547080994 0.21290472149848938 0.07057423889636993
14 0.36795392632484436 0.8155312538146973 0.21978743374347687 0.07768955081701279
13 0.6040495038032532 0.9209705591201782 0.18345099687576294 0.038813021034002304
12 0.8473473787307739 0.8155426383018494 0.21564026176929474 0.07388096302747726
12 0.3653440773487091 0.9153427481651306 0.21194085478782654 0.056038666516542435
13 0.140418142080307 0.8175574541091919 0.19956161081790924 0.03959694132208824
14 0.8474293947219849 0.9152023196220398 0.21936239302158356 0.05821571499109268
13 0.5871145725250244 0.7058889269828796 0.1415727436542511 0.051874447613954544
5 0.133117213845253 0.4603007435798645 0.22781822085380554 0.0743614211678505
11 0.7376915216445923 0.7034196257591248 0.4579361081123352 0.09514560550451279
17 0.8459381461143494 0.6929919123649597 0.18435347080230713 0.029418183490633965
17 0.3619936406612396 0.9101446270942688 0.13724255561828613 0.02852325513958931
15 0.3716592788696289 0.7290849685668945 0.1773867905139923 0.023313140496611595
17 0.36585190892219543 0.6922613978385925 0.16279153525829315 0.02816753461956978
7 0.8869215250015259 0.03296070918440819 0.19105225801467896 0.050505053251981735
14 0.36474576592445374 0.9152101874351501 0.21585538983345032 0.05742816999554634
17 0.8438863158226013 0.9090198874473572 0.15998739004135132 0.031034469604492188
11 0.2596099078655243 0.8111128807067871 0.4607871174812317 0.0940847396850586
6 0.9312299489974976 0.031091054901480675 0.09032643586397171 0.05078573897480965
11 0.7378250360488892 0.8114870190620422 0.45831677317619324 0.09512143582105637
11 0.2564079463481903 0.7017626166343689 0.4660302698612213 0.09519463032484055
17 0.8417870402336121 0.80036860704422 0.1418745219707489 0.030265426263213158
15 0.8448072671890259 0.7298176884651184 0.13627082109451294 0.027581024914979935
15 0.8440348505973816 0.8386361002922058 0.13203294575214386 0.025080299004912376
