11 0.7362586259841919 0.9092788696289062 0.45850226283073425 0.0702541396021843
13 0.6068719625473022 0.8156984448432922 0.18893662095069885 0.05592365190386772
17 0.36781030893325806 0.8008853793144226 0.1695116013288498 0.028376055881381035
19 0.500604510307312 0.6261822581291199 0.9919523596763611 0.05208301544189453
11 0.2550247609615326 0.9098946452140808 0.45488977432250977 0.0704488754272461
12 0.8484213948249817 0.7071242332458496 0.2135721892118454 0.07443828880786896
12 0.36970147490501404 0.7082279324531555 0.2181674838066101 0.07390937954187393
13 0.11456286162137985 0.7054036259651184 0.15681974589824677 0.03729658201336861
13 0.11794257909059525 0.9227607846260071 0.17061704397201538 0.051540374755859375
12 0.847569465637207 0.9159432649612427 0.2147771269083023 0.05691051483154297
12 0.3694332242012024 0.8160540461540222 0.21317622065544128 0.07086258381605148
14 0.36809611320495605 0.8154976963996887 0.22036175429821014 0.07797851413488388
13 0.6040854454040527 0.9212408065795898 0.18369989097118378 0.03843116760253906
12 0.3655344247817993 0.9153305292129517 0.21209971606731415 0.0561254508793354
17 0.3675057291984558 0.6924322247505188 0.16961923241615295 0.02888774871826172
13 0.1403709053993225 0.8175956606864929 0.19954927265644073 0.039359476417303085
12 0.847174346446991 0.8159059882164001 0.21557821333408356 0.0743388682603836
17 0.8488272428512573 0.6928631067276001 0.18573540449142456 0.030005646869540215
11 0.7374818921089172 0.7035359144210815 0.45734021067619324 0.09528608620166779
14 0.8474562764167786 0.9152097702026367 0.2192438840866089 0.05794372782111168
6 0.9319784045219421 0.030934695154428482 0.09143710881471634 0.05064651370048523
13 0.5867056846618652 0.7057667970657349 0.14057685434818268 0.051906585693359375
17 0.3622949421405792 0.9102898836135864 0.13740311563014984 0.02840099297463894
14 0.3649286925792694 0.9152311682701111 0.21599282324314117 0.05735320970416069
17 0.8439549803733826 0.9091400504112244 0.16059944033622742 0.03107471577823162
11 0.25967007875442505 0.8113519549369812 0.46075376868247986 0.09459491074085236
11 0.7378333210945129 0.8117624521255493 0.4580613672733307 0.0957527682185173
11 0.256773978471756 0.7017557621002197 0.4663875997066498 0.09553041309118271
17 0.8416464924812317 0.8005878329277039 0.1406724750995636 0.02927556075155735
15 0.37128788232803345 0.7288993000984192 0.17112717032432556 0.023432159796357155
7 0.8889796137809753 0.0329127199947834 0.1877724528312683 0.050501443445682526
5 0.1349383443593979 0.4598816931247711 0.2318757176399231 0.0765911117196083
15 0.8456131219863892 0.7303752303123474 0.14001566171646118 0.02808408811688423
15 0.8429286479949951 0.8386872410774231 0.13705766201019287 0.026157760992646217
