21 0.5 0.6282035708427429 1.0 0.05914602428674698
11 0.7346386313438416 0.8458063006401062 0.45907723903656006 0.09257087856531143
13 0.1361648589372635 0.7415046095848083 0.21198447048664093 0.05333900451660156
12 0.36960527300834656 0.7401385307312012 0.21387094259262085 0.07488765567541122
12 0.8479932546615601 0.7413271069526672 0.21534813940525055 0.07393951714038849
13 0.6087142825126648 0.7406341433525085 0.19367845356464386 0.0498715415596962
12 0.8481650948524475 0.8494083285331726 0.2141135334968567 0.07638359069824219
12 0.36948221921920776 0.849751889705658 0.2156851887702942 0.07584076374769211
13 0.5989991426467896 0.6552778482437134 0.160430908203125 0.030092621222138405
11 0.25826790928840637 0.9277059435844421 0.45935356616973877 0.04084186628460884
17 0.3677116334438324 0.7259626984596252 0.16849729418754578 0.028786277398467064
11 0.2582319676876068 0.7376684546470642 0.46328821778297424 0.09403838962316513
12 0.37135541439056396 0.6565593481063843 0.22076153755187988 0.02223529852926731
13 0.12902894616127014 0.851057231426239 0.1975162774324417 0.05172882229089737
7 0.888573408126831 0.03249431028962135 0.18829616904258728 0.049532968550920486
15 0.8459159135818481 0.8727158904075623 0.14082099497318268 0.025427818298339844
11 0.2584525942802429 0.8455168604850769 0.46271824836730957 0.093719482421875
17 0.8423585891723633 0.7272087335586548 0.15445421636104584 0.03022003173828125
11 0.7335333824157715 0.7376412749290466 0.4606808125972748 0.0963112860918045
13 0.6107900142669678 0.8521736264228821 0.19606052339076996 0.05345726013183594
11 0.2545721232891083 0.6626986265182495 0.47005176544189453 0.029822826385498047
11 0.7388114333152771 0.9226922988891602 0.4700450301170349 0.04233894497156143
17 0.8455390334129333 0.8356497883796692 0.1441887766122818 0.02827148512005806
6 0.9317830801010132 0.030554313212633133 0.09181009978055954 0.05012664943933487
17 0.3660917282104492 0.8339187502861023 0.1670585721731186 0.029664231464266777
12 0.368332177400589 0.9345865249633789 0.22275713086128235 0.03397636488080025
14 0.3679426908493042 0.7393550872802734 0.21631868183612823 0.07933473587036133
14 0.8437128663063049 0.740156352519989 0.2094128131866455 0.07800712436437607
11 0.7443251609802246 0.6626964807510376 0.47274288535118103 0.03332633897662163
15 0.36359721422195435 0.8725921511650085 0.14398133754730225 0.02806263044476509
12 0.8531485795974731 0.6566071510314941 0.22502917051315308 0.02132263220846653
17 0.3641076385974884 0.9384475946426392 0.18790224194526672 0.026510238647460938
