21 0.5 0.6254620552062988 1.0 0.05528545379638672
13 0.6076695322990417 0.6993425488471985 0.18955790996551514 0.05149536207318306
11 0.7342532873153687 0.6999112367630005 0.4610697031021118 0.09388446807861328
12 0.8467894792556763 0.8094491958618164 0.21328650414943695 0.07322197407484055
12 0.36944785714149475 0.8103920221328735 0.21614043414592743 0.0742572769522667
13 0.13649523258209229 0.7008880376815796 0.21258185803890228 0.05401602014899254
12 0.3680882751941681 0.914646327495575 0.21914200484752655 0.06640511006116867
11 0.7383180856704712 0.8043071627616882 0.46216800808906555 0.08995895832777023
12 0.36961936950683594 0.7009415626525879 0.21125972270965576 0.07306966930627823
11 0.25985029339790344 0.6999222040176392 0.46984240412712097 0.09088583290576935
11 0.2588631510734558 0.8064436316490173 0.4670584797859192 0.09378581494092941
6 0.9310603141784668 0.030053505674004555 0.09083421528339386 0.049684565514326096
13 0.12216566503047943 0.9182424545288086 0.17618989944458008 0.04996147379279137
12 0.8466794490814209 0.7007347941398621 0.21342146396636963 0.07340297847986221
5 0.13415540754795074 0.4598589837551117 0.22933748364448547 0.07631921768188477
17 0.36820918321609497 0.6875544786453247 0.16360770165920258 0.027270888909697533
17 0.36238887906074524 0.9039142727851868 0.17460766434669495 0.03146705776453018
11 0.25474900007247925 0.9081043601036072 0.45514214038848877 0.07784690707921982
7 0.8883839249610901 0.03232294321060181 0.18735674023628235 0.0513334758579731
13 0.1284095048904419 0.8121873736381531 0.19545181095600128 0.05112190172076225
17 0.36722710728645325 0.7948635220527649 0.1616138219833374 0.028836632147431374
17 0.8456119298934937 0.797167956829071 0.13284742832183838 0.02949237823486328
17 0.8416938781738281 0.6880648732185364 0.14546559751033783 0.027974892407655716
13 0.6100132465362549 0.8126608729362488 0.192277193069458 0.05248737335205078
14 0.36977487802505493 0.7011817097663879 0.21620295941829681 0.07703094929456711
14 0.8423547744750977 0.7021362781524658 0.20540890097618103 0.07591352611780167
15 0.3648096024990082 0.833161473274231 0.14103089272975922 0.027353478595614433
15 0.8471699953079224 0.8343200087547302 0.1423526406288147 0.027033044025301933
11 0.7400482296943665 0.9001909494400024 0.4887518584728241 0.08087082207202911
